id,label
301118,3
300277,3
301589,3
303135,3
303052,3
301767,3
302619,3
303090,3
303346,3
301793,3
301080,3
303037,3
300634,3
300094,3
303338,3
300960,3
301168,3
304144,3
300155,3
300126,3
301208,3
301492,3
303626,3
301004,3
301599,3
303971,3
304025,3
304587,3
301698,3
304491,3
300434,3
301925,3
300712,3
304056,3
301093,3
304975,3
302491,3
304707,3
301351,3
300565,3
303168,3
300420,3
304934,3
301786,3
302716,3
300482,3
302794,3
300760,3
302748,3
304669,3
304667,3
300182,3
300840,3
300203,3
300177,3
304829,3
304643,3
301313,3
303207,3
301741,3
300870,3
302575,3
304989,3
303518,3
304714,3
301725,3
302087,3
302855,3
303373,3
304493,3
303607,3
303143,3
303634,3
302153,3
304854,3
302780,3
301469,3
302078,3
300456,3
300298,3
304634,3
302229,3
303155,3
301457,3
303678,3
304752,3
302916,3
301552,3
302404,3
301366,3
303612,3
303885,3
303528,3
302301,3
302821,3
301527,3
304503,3
301489,3
304240,3
301672,3
302696,3
303633,3
300519,3
301092,3
304664,3
304570,3
301586,3
301658,3
300075,3
301971,3
301660,3
301515,3
304685,3
304006,3
300883,3
302143,3
304631,3
302098,3
303462,3
303077,3
303604,3
304059,3
300163,3
300546,3
303490,3
302980,3
301955,3
303161,3
300629,3
301519,3
302184,3
303787,3
300253,3
301076,3
304219,3
301576,3
301894,3
302431,3
304019,3
303175,3
304998,3
303132,3
301656,3
300708,3
300408,3
304472,3
302503,3
303849,3
303610,3
300187,3
301523,3
304723,3
303480,3
303632,3
303625,3
302403,3
301474,3
304542,3
300590,3
303376,3
302006,3
300863,3
302760,3
304711,3
301099,3
301826,3
301943,3
301435,3
300759,3
303539,3
302618,3
301119,3
300023,3
303855,3
303149,3
303602,3
304697,3
301917,3
304708,3
300586,3
304947,3
304796,3
303785,3
301360,3
303200,3
304555,3
301507,3
304382,3
304530,3
300610,3
301881,3
301278,3
303567,3
301333,3
301273,3
303073,3
300928,3
304699,3
303443,3
302709,3
301283,3
303621,3
303429,3
301938,3
303416,3
301084,3
301521,3
303473,3
304145,3
304231,3
304639,3
301880,3
300158,3
302292,3
304455,3
303513,3
301905,3
302877,3
301584,3
304335,3
303327,3
304666,3
303485,3
303560,3
303986,3
300297,3
303481,3
303463,3
304994,3
300700,3
303228,3
302650,3
301052,3
301860,3
302645,3
300169,3
303875,3
301209,3
301641,3
304521,3
304286,3
300029,3
304730,3
304670,3
301946,3
301254,3
304713,3
304132,3
304655,3
301530,3
304199,3
300602,3
300985,3
301477,3
300604,3
302008,3
303671,3
304763,3
302511,3
300531,3
300827,3
303963,3
301737,3
304863,3
302994,3
303725,3
300017,3
300952,3
302204,3
301148,3
303029,3
303896,3
304494,3
302209,3
301794,3
300823,3
304273,3
303336,3
303743,3
301133,3
300289,3
302411,3
301201,3
304485,3
301790,3
303447,3
303009,3
303454,3
304799,3
300515,3
301812,3
302142,3
301665,3
303026,3
300108,3
301920,3
304411,3
300113,3
300661,3
301798,3
304086,3
304728,3
302666,3
303510,3
302862,3
304743,3
302041,3
301328,3
303085,3
300810,3
303719,3
301234,3
303669,3
300841,3
301245,3
304246,3
303823,3
302131,3
303007,3
300063,3
301055,3
300570,3
301358,3
303064,3
302316,3
302756,3
303441,3
300326,3
303608,3
300806,3
304531,3
300601,3
303021,3
304042,3
303125,3
304801,3
302043,3
304093,3
304237,3
300522,3
301211,3
303501,3
304687,3
301260,3
302032,3
302274,3
302345,3
302162,3
303536,3
303459,3
302809,3
301304,3
300217,3
302225,3
302641,3
304528,3
301033,3
302494,3
303332,3
304968,3
303588,3
300850,3
304480,3
300151,3
303499,3
304079,3
304568,3
303417,3
301861,3
302574,3
301397,3
304390,3
304605,3
303653,3
304069,3
300849,3
302425,3
302603,3
302106,3
302812,3
302121,3
304726,3
302409,3
304773,3
302945,3
303761,3
300308,3
301977,3
304502,3
300703,3
304924,3
300672,3
300383,3
301468,3
302389,3
301262,3
300331,3
300322,3
302490,3
301781,3
304805,3
301991,3
303903,3
302736,3
304318,3
301813,3
304383,3
303860,3
304205,3
302636,3
302523,3
301395,3
301380,3
303954,3
300788,3
301263,3
301363,3
301684,3
302352,3
300798,3
304992,3
303713,3
303011,3
302871,3
303606,3
302407,3
302116,3
302633,3
302328,3
302563,3
304023,3
301286,3
304820,3
300365,3
304879,3
304575,3
300441,3
303909,3
300062,3
301229,3
304011,3
303503,3
301340,3
300999,3
302385,3
300537,3
303807,3
302185,3
304816,3
301998,3
303788,3
300154,3
302343,3
300955,3
300213,3
300413,3
304067,3
300296,3
303203,3
301828,3
303468,3
300859,3
300790,3
303313,3
303057,3
304140,3
301324,3
303253,3
301028,3
300543,3
304255,3
300811,3
304046,3
301609,3
303880,3
301422,3
302522,3
301924,3
303783,3
302898,3
300820,3
302255,3
301123,3
300983,3
300404,3
302528,3
303453,3
300687,3
304646,3
301573,3
301041,3
304003,3
301536,3
300403,3
301057,3
304130,3
302224,3
301403,3
300183,3
302387,3
300225,3
302918,3
303673,3
300088,3
301774,3
302351,3
301228,3
300835,3
304614,3
300049,3
301451,3
303133,3
304788,3
300424,3
304173,3
304375,3
303694,3
301060,3
303312,3
302256,3
304151,3
300763,3
300256,3
303154,3
302497,3
304410,3
302940,3
303173,3
303013,3
300812,3
304221,3
302179,3
302171,3
300544,3
302583,3
303440,3
304840,3
302857,3
302100,3
301012,3
302697,3
300825,3
304122,3
301996,3
300294,3
304250,3
303628,3
300364,3
300580,3
301393,3
301095,3
304044,3
300603,3
300912,3
300021,3
300010,3
303165,3
300528,3
301701,3
300215,3
301279,3
301642,3
303121,3
304201,3
304642,3
304967,3
303129,3
303650,3
304338,3
304066,3
301216,3
303698,3
301019,3
300729,3
303958,3
304275,3
304004,3
304501,3
303008,3
302346,3
302850,3
302201,3
302840,3
300954,3
304249,3
304414,3
300718,3
302221,3
301875,3
300563,3
300737,3
304157,3
302973,3
301091,3
301555,3
302640,3
303277,3
303479,3
300323,3
304935,3
303148,3
304927,3
304451,3
304351,3
300785,3
303618,3
303914,3
304068,3
300414,3
302281,3
302924,3
302214,3
304082,3
302693,3
300508,3
300641,3
300752,3
302981,3
300084,3
301624,3
300778,3
301678,3
301592,3
300736,3
304959,3
301502,3
301758,3
301770,3
302903,3
304797,3
304727,3
302489,3
301827,3
304928,3
300100,3
302446,3
301225,3
303109,3
303236,3
301697,3
301556,3
301135,3
301287,3
302807,3
301318,3
302286,3
302388,3
300136,3
304629,3
303922,3
302275,3
302854,3
302508,3
304700,3
302324,3
301334,3
304010,3
301940,3
304999,3
304353,3
302695,3
303627,3
302824,3
304426,3
302925,3
301048,3
300210,3
300311,3
304061,3
303511,3
302496,3
304279,3
302332,3
302774,3
300004,3
302803,3
303306,3
303176,3
302198,3
303514,3
301440,3
304277,3
303925,3
304195,3
300860,3
302926,3
300559,3
303932,3
301354,3
303117,3
300789,3
303217,3
300884,3
300445,3
301731,3
302080,3
301103,3
301755,3
301932,3
303691,3
300124,3
300963,3
301470,3
303309,3
302284,3
303006,3
301068,3
303385,3
302989,3
303611,3
301433,3
301180,3
301986,3
303243,3
302930,3
303792,3
302910,3
301960,3
304825,3
301490,3
304280,3
302144,3
303234,3
301399,3
303934,3
304182,3
302841,3
304719,3
304558,3
303400,3
303232,3
303940,3
302608,3
302515,3
304756,3
302576,3
302227,3
300270,3
302535,3
302128,3
301186,3
301408,3
301222,3
301772,3
304851,3
303892,3
304496,3
304817,3
301401,3
301888,3
304738,3
300117,3
300498,3
304312,3
303655,3
300560,3
300714,3
300208,3
301141,3
301405,3
300815,3
301182,3
303904,3
301654,3
302873,3
300539,3
304468,3
304897,3
303542,3
304939,3
301582,3
304170,3
301512,3
300940,3
300782,3
304589,3
300314,3
301957,3
303348,3
302754,3
304845,3
303082,3
302944,3
301848,3
304424,3
301689,3
304165,3
303062,3
301514,3
303811,3
303808,3
302806,3
300370,3
304289,3
300107,3
301669,3
301266,3
303418,3
301967,3
303390,3
301350,3
304876,3
304483,3
301929,3
304436,3
302283,3
304686,3
303700,3
302805,3
301116,3
303101,3
303287,3
304644,3
302405,3
300573,3
300373,3
300901,3
301256,3
300339,3
304391,3
304321,3
303753,3
302067,3
302000,3
301010,3
301384,3
302042,3
303685,3
304254,3
303839,3
302234,3
303854,3
303545,3
302029,3
303663,3
302501,3
303487,3
301367,3
304944,3
302717,3
304755,3
300929,3
300064,3
301453,3
303638,3
304362,3
301645,3
302878,3
303252,3
301804,3
304557,3
303237,3
303192,3
301975,3
302073,3
304104,3
300654,3
304525,3
301150,3
300349,3
304981,3
300251,3
300674,3
303286,3
301268,3
303283,3
303110,3
300642,3
302644,3
301221,3
302921,3
303340,3
300541,3
300334,3
300463,3
300846,3
304308,3
303686,3
300359,3
303809,3
304024,3
303546,3
302775,3
304841,3
303134,3
304512,3
301637,3
304878,3
304419,3
300520,3
303931,3
302302,3
301751,3
304492,3
301463,3
302217,3
301681,3
304290,3
304437,3
304789,3
300514,3
300605,3
301994,3
302799,3
300751,3
302776,3
304301,3
304565,3
301476,3
304868,3
304091,3
300941,3
302692,3
304269,3
300516,3
302546,3
300141,3
304422,3
303394,3
302130,3
302482,3
300008,3
300853,3
304972,3
300743,3
301503,3
303660,3
301847,3
302092,3
302542,3
302747,3
300931,3
304294,3
302175,3
301191,3
301862,3
301243,3
304064,3
300348,3
301680,3
302730,3
301015,3
304760,3
302672,3
301753,3
304337,3
300477,3
304495,3
300997,3
301487,3
303715,3
304628,3
303835,3
301098,3
304832,3
303509,3
304964,3
302220,3
301686,3
300888,3
301418,3
301965,3
301046,3
301074,3
303842,3
300352,3
302093,3
302139,3
302053,3
300964,3
302613,3
301963,3
300260,3
300180,3
301743,3
300632,3
300971,3
300068,3
301779,3
300606,3
301165,3
301009,3
303589,3
301634,3
301423,3
303410,3
301836,3
300591,3
303742,3
301102,3
304504,3
302216,3
300357,3
301716,3
302419,3
303071,3
302105,3
300250,3
304877,3
303929,3
301292,3
300902,3
301017,3
303114,3
300439,3
304080,3
302750,3
304546,3
303357,3
302781,3
301846,3
303561,3
301067,3
304191,3
301739,3
300400,3
303648,3
302397,3
304913,3
303411,3
301509,3
300842,3
302949,3
303251,3
301348,3
302384,3
301143,3
300851,3
303741,3
302155,3
301411,3
302069,3
302813,3
301799,3
300011,3
300761,3
304931,3
300609,3
301704,3
300993,3
301065,3
301863,3
301284,3
302306,3
300009,3
302363,3
304893,3
302761,3
303187,3
300694,3
303866,3
301231,3
301855,3
304075,3
301563,3
301657,3
301038,3
302099,3
303762,3
302238,3
300146,3
304039,3
304404,3
302521,3
300305,3
300140,3
302038,3
303530,3
300435,3
303206,3
301567,3
303745,3
301995,3
304197,3
301620,3
303386,3
300908,3
303984,3
304214,3
301232,3
302551,3
302183,3
303431,3
302701,3
301805,3
300711,3
302505,3
300415,3
303639,3
301070,3
300881,3
300739,3
303724,3
301250,3
301322,3
303199,3
300161,3
304793,3
302341,3
303506,3
304921,3
300043,3
302333,3
302882,3
304285,3
302861,3
301985,3
302715,3
300830,3
303369,3
303523,3
303727,3
301288,3
302218,3
303668,3
304469,3
300460,3
301868,3
301528,3
302703,3
303797,3
302612,3
302520,3
301885,3
303003,3
304071,3
303208,3
302376,3
301484,3
300394,3
303728,3
304098,3
304048,3
300429,3
304166,3
304113,3
303451,3
304343,3
303266,3
304137,3
303614,3
302851,3
303366,3
303777,3
301285,3
301540,3
301539,3
301153,3
304054,3
300721,3
303024,3
302480,3
303097,3
301496,3
301045,3
301777,3
300933,3
304818,3
302675,3
300371,3
303076,3
301882,3
304933,3
303274,3
300525,3
301845,3
302085,3
302908,3
302195,3
304732,3
303946,3
303953,3
303756,3
304572,3
304538,3
300377,3
301163,3
302929,3
300207,3
301562,3
300648,3
304955,3
302003,3
304339,3
302355,3
300794,3
302051,3
300913,3
300622,3
304862,3
303445,3
300887,3
304915,3
300740,3
303120,3
300232,3
301247,3
302573,3
304859,3
300819,3
302728,3
301083,3
302829,3
302832,3
304922,3
301549,3
300698,3
300319,3
302207,3
300803,3
303979,3
301844,3
302590,3
303088,3
301566,3
301173,3
301954,3
300378,3
304031,3
300988,3
304630,3
301267,3
304081,3
301910,3
300090,3
303370,3
304159,3
301852,3
301196,3
300707,3
302368,3
302019,3
300534,3
300236,3
303036,3
300462,3
300005,3
304126,3
303215,3
300660,3
303592,3
301120,3
304814,3
300130,3
304198,3
303426,3
303732,3
304637,3
302152,3
302164,3
301595,3
303920,3
300542,3
302867,3
303315,3
300576,3
300862,3
302300,3
304442,3
302749,3
304089,3
300882,3
304420,3
301831,3
301297,3
301538,3
304088,3
300368,3
301729,3
304870,3
301062,3
300299,3
304902,3
302601,3
302984,3
302167,3
300594,3
303861,3
303339,3
303457,3
304905,3
304052,3
303708,3
304821,3
300992,3
302937,3
302770,3
300171,3
304153,3
300040,3
300070,3
301577,3
301533,3
302488,3
303522,3
302364,3
303043,3
301452,3
300391,3
303900,3
302169,3
301838,3
303957,3
301462,3
300662,3
303488,3
303852,3
303406,3
301149,3
300192,3
303046,3
300388,3
303819,3
304222,3
302629,3
304882,3
302336,3
302485,3
304446,3
300145,3
300198,3
302859,3
303587,3
302995,3
300195,3
301784,3
302174,3
304751,3
300344,3
303888,3
301937,3
303316,3
301594,3
304537,3
303212,3
304804,3
302401,3
303850,3
302028,3
301675,3
304384,3
302936,3
304747,3
302402,3
302614,3
304106,3
302737,3
301249,3
301312,3
300889,3
304526,3
301258,3
302798,3
303351,3
303367,3
302039,3
303640,3
301343,3
301172,3
300690,3
302203,3
304519,3
301590,3
302429,3
303744,3
303068,3
302365,3
304962,3
302024,3
304457,3
302400,3
303906,3
302561,3
301736,3
301466,3
301878,3
301349,3
301806,3
302378,3
303635,3
303692,3
301866,3
303554,3
302845,3
304597,3
302486,3
300769,3
304429,3
304580,3
302088,3
304114,3
300071,3
300216,3
301444,3
301450,3
304349,3
301317,3
303461,3
303000,3
302154,3
302653,3
301901,3
304233,3
303977,3
303586,3
301337,3
301471,3
303975,3
302271,3
303331,3
300220,3
301128,3
302101,3
301104,3
301700,3
304388,3
300354,3
304274,3
301699,3
304444,3
303598,3
302885,3
304489,3
303688,3
301956,3
300356,3
304143,3
301314,3
304943,3
304692,3
301643,3
301177,3
304936,3
304750,3
302975,3
301261,3
301908,3
303672,3
301054,3
301895,3
303865,3
303151,3
303241,3
302396,3
304826,3
302714,3
302200,3
302268,3
302223,3
302529,3
304319,3
301107,3
304952,3
304045,3
302766,3
303171,3
301368,3
301648,3
303396,3
302870,3
302793,3
301928,3
300450,3
302151,3
301583,3
303636,3
304328,3
300212,3
304746,3
303938,3
300598,3
304696,3
304918,3
303030,3
301291,3
302869,3
303955,3
304929,3
302296,3
301429,3
303164,3
302148,3
302858,3
303256,3
301724,3
303160,3
300564,3
303615,3
304742,3
302170,3
304705,3
303833,3
304207,3
301933,3
301335,3
300741,3
302233,3
304898,3
301396,3
302474,3
300052,3
304620,3
303290,3
302783,3
303834,3
303190,3
304055,3
302922,3
304477,3
302883,3
302985,3
300228,3
302810,3
304611,3
304355,3
301215,3
300353,3
301718,3
304149,3
303299,3
304476,3
301214,3
300651,3
303667,3
300917,3
301682,3
303571,3
302538,3
301244,3
303231,3
301185,3
302649,3
300221,3
302788,3
300719,3
304500,3
302240,3
303374,3
303191,3
301255,3
300852,3
301711,3
302391,3
302743,3
304295,3
304978,3
303800,3
303595,3
301417,3
304969,3
302035,3
300947,3
301765,3
300128,3
301493,3
304202,3
303404,3
302564,3
300536,3
304907,3
300746,3
304365,3
300592,3
301421,3
301183,3
301481,3
302593,3
303202,3
300944,3
303818,3
304837,3
302827,3
300495,3
303758,3
304156,3
300836,3
300644,3
304332,3
302251,3
304331,3
300310,3
300055,3
304262,3
301513,3
304872,3
301993,3
304396,3
301436,3
300283,3
304834,3
304904,3
303828,3
302767,3
304900,3
301870,3
300507,3
301446,3
301464,3
304083,3
304392,3
304310,3
302107,3
302802,3
303146,3
301061,3
300621,3
303894,3
304772,3
300030,3
303140,3
302278,3
303233,3
303368,3
304416,3
303643,3
301240,3
303214,3
304556,3
303055,3
304632,3
301455,3
303968,3
303048,3
302090,3
301152,3
300513,3
302089,3
302729,3
303379,3
300679,3
301617,3
302988,3
300144,3
301713,3
300981,3
302866,3
300832,3
304381,3
303733,3
304576,3
303491,3
301633,3
303949,3
302998,3
301077,3
302331,3
300596,3
301534,3
300787,3
303469,3
302347,3
304172,3
304105,3
304190,3
300178,3
300561,3
303337,3
301778,3
304152,3
304372,3
303075,3
302165,3
303815,3
302567,3
304013,3
304764,3
304096,3
304450,3
304564,3
304808,3
301002,3
302723,3
302344,3
304693,3
303778,3
303084,3
303976,3
301387,3
304668,3
302579,3
302219,3
303296,3
300485,3
303966,3
300245,3
300472,3
302722,3
302318,3
301204,3
301636,3
300939,3
304186,3
301565,3
302677,3
300922,3
301127,3
301816,3
304456,3
303729,3
302670,3
302786,3
300796,3
302658,3
301553,3
301316,3
303948,3
304970,3
302927,3
304256,3
304264,3
304208,3
301259,3
304447,3
304740,3
303320,3
301579,3
300987,3
304612,3
302356,3
304072,3
300856,3
301053,3
303504,3
302129,3
301034,3
303103,3
301079,3
303311,3
302513,3
300389,3
302919,3
304380,3
304147,3
301683,3
304058,3
301545,3
303196,3
303387,3
303645,3
304484,3
301355,3
301839,3
303517,3
300633,3
303272,3
304787,3
301235,3
301459,3
302441,3
303763,3
302915,3
303111,3
300688,3
301702,3
301947,3
304621,3
304987,3
303564,3
302339,3
301912,3
301210,3
303512,3
304036,3
300261,3
301833,3
301650,3
302202,3
304038,3
301981,3
303859,3
302931,3
300247,3
303329,3
303107,3
302250,3
302879,3
300599,3
302856,3
301803,3
304161,3
300416,3
304316,3
303739,3
302136,3
301090,3
302321,3
304532,3
302962,3
303784,3
304465,3
301800,3
304762,3
302103,3
301320,3
301071,3
304260,3
300330,3
302710,3
302525,3
300204,3
301414,3
300214,3
302050,3
302706,3
304169,3
304100,3
302005,3
303257,3
300246,3
300115,3
303032,3
302294,3
300512,3
303801,3
301495,3
301560,3
303982,3
303102,3
301223,3
303682,3
300567,3
304263,3
303442,3
302137,3
300505,3
304938,3
304385,3
303723,3
301257,3
303045,3
302017,3
304423,3
304606,3
303917,3
304234,3
300504,3
300278,3
301840,3
303223,3
303427,3
303180,3
304510,3
304406,3
300948,3
303025,3
300116,3
300304,3
302971,3
302049,3
301200,3
300927,3
302956,3
301978,3
304680,3
300395,3
304733,3
300032,3
302543,3
302285,3
301999,3
302156,3
302197,3
301997,3
301671,3
304481,3
301357,3
304009,3
301939,3
303448,3
300715,3
301662,3
303656,3
303131,3
300968,3
303863,3
303407,3
300611,3
300748,3
300962,3
302974,3
304864,3
302815,3
303683,3
301970,3
303887,3
304306,3
304276,3
300555,3
302456,3
301156,3
301980,3
303913,3
303822,3
300766,3
301935,3
302892,3
302058,3
304701,3
304885,3
300099,3
301458,3
301315,3
302467,3
302466,3
303844,3
304638,3
301491,3
302012,3
300800,3
300231,3
300618,3
300814,3
303965,3
301369,3
303455,3
304517,3
301131,3
303035,3
304765,3
302687,3
303380,3
304176,3
303044,3
305000,3
300861,3
302465,3
303793,3
304136,3
300745,3
302418,3
303384,3
301941,3
301311,3
300206,3
303926,3
302166,3
303065,3
304995,3
302122,3
304288,3
304302,3
301276,3
302738,3
304506,3
301176,3
304386,3
302847,3
302070,3
301050,3
301242,3
304690,3
303624,3
300813,3
304636,3
303716,3
301029,3
302340,3
304515,3
300608,3
303307,3
301082,3
303824,3
303526,3
303947,3
300550,3
304452,3
301140,3
304815,3
301607,3
303754,3
300551,3
301138,3
304748,3
302473,3
304412,3
303996,3
303978,3
303089,3
301877,3
300779,3
303268,3
302825,3
301205,3
302212,3
303078,3
304267,3
303261,3
301561,3
304313,3
304026,3
301976,3
300945,3
300120,3
300492,3
301331,3
302707,3
303572,3
301815,3
303566,3
302537,3
304769,3
303901,3
301327,3
302366,3
304102,3
303271,3
303766,3
300073,3
301352,3
300869,3
303495,3
304209,3
303211,3
304110,3
300421,3
302138,3
300562,3
304238,3
302079,3
303022,3
301460,3
300659,3
301608,3
302415,3
300067,3
304886,3
302796,3
303555,3
303942,3
300079,3
300016,3
302308,3
304846,3
300535,3
300774,3
304458,3
303541,3
303220,3
301916,3
302986,3
300483,3
301612,3
304049,3
303928,3
301652,3
302943,3
302287,3
304656,3
302758,3
302112,3
300909,3
300975,3
304242,3
301400,3
301817,3
302586,3
301811,3
301443,3
303147,3
302086,3
303174,3
304626,3
300533,3
301047,3
300650,3
302880,3
304899,3
304085,3
301175,3
304220,3
301606,3
300392,3
300658,3
301664,3
303156,3
302147,3
303817,3
301478,3
303138,3
300019,3
300631,3
300675,3
304842,3
302461,3
300756,3
302307,3
304658,3
301990,3
301085,3
300282,3
301851,3
300346,3
304946,3
303128,3
302435,3
302288,3
301379,3
300259,3
303321,3
304682,3
303840,3
304178,3
302477,3
300102,3
302357,3
300257,3
301630,3
302317,3
303799,3
302076,3
304268,3
303042,3
301434,3
300720,3
303674,3
301088,3
302647,3
302335,3
303582,3
303017,3
304305,3
303262,3
304651,3
300510,3
302814,3
300995,3
301717,3
304133,3
302342,3
304579,3
301761,3
304453,3
301338,3
304648,3
304734,3
302381,3
303347,3
304117,3
300044,3
302875,3
300833,3
300465,3
300625,3
303371,3
304215,3
303910,3
302852,3
302266,3
300123,3
304029,3
300419,3
300784,3
304665,3
304002,3
303012,3
300137,3
301326,3
301383,3
300396,3
300170,3
302664,3
303031,3
301871,3
300786,3
304791,3
302390,3
303704,3
302025,3
303116,3
302507,3
302902,3
301024,3
303494,3
301526,3
303596,3
300157,3
302605,3
303016,3
302933,3
300872,3
302034,3
303874,3
302934,3
300978,3
303647,3
301706,3
301282,3
302326,3
302002,3
304792,3
304487,3
304988,3
304807,3
303525,3
304574,3
300950,3
300172,3
304855,3
301864,3
300664,3
304950,3
300185,3
300677,3
300808,3
303343,3
301525,3
301404,3
301154,3
303962,3
301073,3
301720,3
304073,3
302558,3
300569,3
304206,3
301548,3
301890,3
303867,3
301629,3
301167,3
303923,3
302026,3
300991,3
301972,3
303014,3
303061,3
302868,3
303284,3
301181,3
304534,3
302289,3
302237,3
303740,3
303990,3
301651,3
300197,3
300436,3
303617,3
303247,3
302231,3
300727,3
301588,3
302359,3
303591,3
303574,3
303752,3
302541,3
303935,3
300074,3
303285,3
304779,3
301869,3
301670,3
303707,3
300744,3
300028,3
303764,3
304982,3
302987,3
301988,3
300269,3
304300,3
303439,3
301710,3
300320,3
300057,3
303877,3
304057,3
302967,3
302045,3
304661,3
302230,3
300990,3
300387,3
300098,3
303654,3
301051,3
302712,3
303099,3
304860,3
302178,3
302210,3
301569,3
304961,3
304983,3
302215,3
302517,3
303757,3
300034,3
301823,3
300653,3
304363,3
302957,3
301674,3
300038,3
300241,3
301486,3
303943,3
300275,3
302617,3
303382,3
300194,3
300273,3
303375,3
300566,3
302844,3
303139,3
303472,3
304047,3
302509,3
303619,3
303999,3
300374,3
302996,3
302298,3
302514,3
302762,3
304297,3
303248,3
302265,3
302682,3
300382,3
304591,3
303562,3
304754,3
300585,3
302853,3
300327,3
300914,3
301973,3
300620,3
300468,3
302570,3
303172,3
304001,3
301593,3
300670,3
300867,3
303498,3
300725,3
303760,3
301705,3
300167,3
304539,3
301802,3
300139,3
301325,3
304615,3
304768,3
303709,3
302556,3
303830,3
302358,3
303027,3
300886,3
300667,3
304341,3
304906,3
302604,3
302091,3
303773,3
301482,3
304720,3
300291,3
302114,3
302899,3
300375,3
304559,3
302168,3
302362,3
301361,3
302044,3
300776,3
301192,3
302065,3
301049,3
302952,3
302920,3
302244,3
304021,3
301449,3
302004,3
300164,3
304974,3
300274,3
304838,3
302245,3
303381,3
300233,3
301044,3
300942,3
300617,3
300822,3
304016,3
303028,3
300422,3
301305,3
301274,3
303059,3
303697,3
301115,3
303460,3
302732,3
301465,3
300410,3
301161,3
304248,3
303464,3
304354,3
303883,3
301691,3
303115,3
300671,3
301902,3
303836,3
302299,3
300020,3
300058,3
302795,3
301226,3
304018,3
301306,3
300087,3
301014,3
301130,3
300234,3
303091,3
302502,3
301795,3
304103,3
301415,3
304831,3
302445,3
301752,3
302457,3
304583,3
304545,3
300474,3
304925,3
302589,3
301271,3
304015,3
301081,3
301072,3
302510,3
304470,3
304679,3
303680,3
300106,3
301783,3
301308,3
301949,3
303377,3
300229,3
300669,3
304188,3
302606,3
300001,3
302913,3
303018,3
303768,3
304012,3
301461,3
302279,3
302013,3
302370,3
304092,3
303959,3
302702,3
302549,3
304888,3
301927,3
302426,3
300770,3
304402,3
300636,3
304759,3
302979,3
304932,3
303010,3
304340,3
304725,3
302160,3
300866,3
303095,3
301740,3
303580,3
302450,3
300343,3
300114,3
304873,3
303058,3
300801,3
302504,3
302630,3
301615,3
301707,3
304891,3
302559,3
301635,3
301887,3
303726,3
301727,3
302304,3
300915,3
303361,3
303886,3
304741,3
303054,3
301762,3
304060,3
300223,3
302557,3
303832,3
302119,3
302206,3
302656,3
304272,3
300033,3
300692,3
302295,3
304101,3
300526,3
301585,3
301307,3
300329,3
303642,3
302622,3
302631,3
300018,3
304116,3
302273,3
300857,3
303899,3
301722,3
304479,3
304883,3
303413,3
301677,3
300938,3
304131,3
301883,3
300242,3
301510,3
303198,3
302890,3
303616,3
302126,3
301105,3
301822,3
302992,3
300488,3
304608,3
300133,3
300655,3
303937,3
304547,3
301558,3
300949,3
302955,3
304200,3
304600,3
300649,3
304794,3
301858,3
301647,3
301959,3
303428,3
303235,3
300188,3
304511,3
304227,3
301416,3
301744,3
301554,3
300588,3
303960,3
302261,3
302663,3
304430,3
303446,3
300501,3
300324,3
304795,3
300568,3
301431,3
300056,3
300877,3
300007,3
301059,3
302785,3
302742,3
301293,3
301159,3
302057,3
300176,3
303002,3
301075,3
301923,3
304020,3
302822,3
300697,3
303918,3
302751,3
304307,3
302252,3
303769,3
302476,3
304394,3
303812,3
304672,3
300335,3
302624,3
303183,3
304467,3
302597,3
303749,3
303912,3
303372,3
301984,3
302241,3
304017,3
300267,3
300337,3
300048,3
301194,3
301438,3
300222,3
300362,3
300097,3
303532,3
304508,3
302887,3
302846,3
304710,3
302327,3
301551,3
303292,3
303967,3
304270,3
303676,3
302382,3
303675,3
304282,3
303069,3
300286,3
303557,3
300211,3
302733,3
302181,3
301603,3
303535,3
300333,3
301006,3
301821,3
303919,3
302353,3
303040,3
302021,3
303969,3
304303,3
303334,3
300924,3
303080,3
303629,3
301907,3
304028,3
304239,3
304678,3
300082,3
302625,3
300583,3
300384,3
303254,3
304127,3
302667,3
302571,3
303858,3
300817,3
303218,3
301788,3
302188,3
302746,3
302055,3
300920,3
302495,3
302095,3
302423,3
304359,3
304418,3
303782,3
301336,3
304261,3
301087,3
304585,3
304482,3
304400,3
302064,3
304782,3
304034,3
303269,3
300762,3
301301,3
302460,3
303581,3
301238,3
303502,3
301178,3
301483,3
304911,3
304694,3
304914,3
301213,3
300758,3
301865,3
304184,3
302350,3
301039,3
302553,3
300458,3
302626,3
302361,3
300797,3
302458,3
300976,3
302646,3
303841,3
301531,3
304894,3
300503,3
301356,3
304507,3
303167,3
303878,3
304345,3
301819,3
302681,3
300713,3
302828,3
301441,3
302999,3
303278,3
303652,3
302527,3
300847,3
303964,3
301193,3
302371,3
300426,3
300771,3
304211,3
302211,3
302109,3
303145,3
302475,3
301253,3
300965,3
303795,3
304379,3
300406,3
301114,3
303364,3
302881,3
303597,3
301948,3
302104,3
303264,3
302782,3
302671,3
303864,3
301375,3
301199,3
302970,3
304584,3
301692,3
301448,3
303113,3
303081,3
303141,3
304541,3
303489,3
302818,3
303194,3
302048,3
302990,3
304329,3
300295,3
304736,3
301420,3
300919,3
300755,3
303317,3
302727,3
302001,3
301879,3
301037,3
304749,3
303798,3
304973,3
303087,3
303507,3
302161,3
300911,3
304619,3
304007,3
302651,3
300160,3
300509,3
300366,3
302874,3
302683,3
302771,3
303201,3
300572,3
300723,3
304659,3
303563,3
304433,3
302763,3
303868,3
304771,3
300530,3
304095,3
304454,3
303630,3
304945,3
301480,3
301688,3
301372,3
304265,3
304499,3
300595,3
301332,3
302637,3
300628,3
304298,3
304497,3
304112,3
303718,3
301494,3
304292,3
301605,3
302379,3
301003,3
301856,3
302581,3
304867,3
304478,3
302117,3
304649,3
304139,3
301974,3
300584,3
304217,3
303882,3
300350,3
302506,3
303995,3
304660,3
300342,3
303318,3
303476,3
301011,3
302965,3
303658,3
302947,3
302533,3
300783,3
302512,3
303267,3
304663,3
302440,3
304108,3
303972,3
304784,3
301785,3
302422,3
303226,3
301575,3
302911,3
304781,3
303360,3
303137,3
302966,3
304099,3
304037,3
302125,3
300582,3
302540,3
303122,3
302259,3
304954,3
302430,3
302040,3
304652,3
301896,3
300969,3
300268,3
301126,3
304323,3
304405,3
300047,3
302801,3
302536,3
301628,3
303796,3
301958,3
302547,3
302860,3
304613,3
300036,3
300858,3
304553,3
304916,3
304890,3
304786,3
304150,3
303402,3
301979,3
303584,3
304142,3
301000,3
302108,3
303475,3
300453,3
301745,3
300199,3
304459,3
300638,3
302061,3
304124,3
302072,3
301874,3
300328,3
303050,3
303737,3
300579,3
304097,3
301696,3
303781,3
303838,3
301568,3
300143,3
301094,3
301339,3
302735,3
304213,3
303670,3
302789,3
303590,3
303547,3
300104,3
303759,3
304360,3
302498,3
300891,3
301412,3
304401,3
303067,3
303720,3
300433,3
301685,3
304647,3
304014,3
301936,3
300129,3
301919,3
302159,3
300581,3
301945,3
300091,3
302213,3
300614,3
302607,3
304550,3
302578,3
300757,3
304811,3
302157,3
303222,3
300838,3
304284,3
300022,3
303478,3
302691,3
301841,3
303970,3
304965,3
300266,3
303053,3
300338,3
303184,3
304523,3
302530,3
301983,3
302772,3
303245,3
300557,3
301867,3
303558,3
304590,3
302010,3
303951,3
301809,3
302454,3
304979,3
304919,3
300024,3
304251,3
303456,3
304333,3
302661,3
302694,3
304980,3
303693,3
303992,3
302084,3
302889,3
300226,3
302704,3
302242,3
301598,3
301246,3
300680,3
304460,3
301676,3
304689,3
304598,3
302464,3
302800,3
303397,3
304278,3
303936,3
302865,3
300685,3
303927,3
301036,3
301121,3
300321,3
301604,3
304866,3
304473,3
304540,3
301413,3
301239,3
303573,3
304684,3
303556,3
303579,3
304790,3
301631,3
303879,3
302413,3
301709,3
302611,3
303871,3
302759,3
300854,3
303435,3
303350,3
303644,3
304903,3
300768,3
301918,3
303354,3
300665,3
303987,3
300078,3
304926,3
304194,3
301032,3
302186,3
303356,3
304395,3
301687,3
300807,3
304554,3
301625,3
303465,3
304183,3
300497,3
304505,3
302334,3
304448,3
304709,3
300486,3
301296,3
301162,3
302414,3
302834,3
302141,3
304912,3
300148,3
303529,3
301931,3
303998,3
303825,3
304185,3
301473,3
300135,3
303398,3
303363,3
300613,3
303730,3
301516,3
302923,3
304218,3
304622,3
301341,3
303961,3
300730,3
301723,3
302291,3
304463,3
300980,3
302349,3
300735,3
303537,3
302313,3
302554,3
300910,3
304941,3
303219,3
304715,3
303837,3
304871,3
301787,3
304408,3
301857,3
300165,3
300652,3
304398,3
302189,3
304985,3
301026,3
300095,3
301456,3
304087,3
302864,3
300276,3
303333,3
300961,3
303659,3
300970,3
300828,3
302323,3
303049,3
303070,3
301982,3
302961,3
304910,3
304032,3
301171,3
304798,3
301904,3
300432,3
302096,3
301365,3
303001,3
300306,3
300093,3
300042,3
301290,3
302816,3
302609,3
303275,3
304035,3
302886,3
300412,3
300793,3
302585,3
303153,3
301206,3
302247,3
301715,3
304830,3
300705,3
303701,3
300061,3
300532,3
303433,3
301644,3
301756,3
303805,3
303687,3
301264,3
301600,3
304810,3
304374,3
301111,3
304800,3
302909,3
303169,3
304861,3
302584,3
302669,3
300083,3
304560,3
304520,3
303179,3
303620,3
301989,3
304853,3
300977,3
303991,3
301485,3
302768,3
300476,3
300271,3
300281,3
304596,3
303378,3
301611,3
303981,3
301791,3
301346,3
304141,3
301759,3
303735,3
304291,3
303568,3
304618,3
302134,3
303100,3
301930,3
304403,3
304561,3
302569,3
302792,3
303326,3
303881,3
303066,3
301572,3
304155,3
303609,3
304223,3
304948,3
301934,3
304735,3
302226,3
302158,3
301520,3
300086,3
304624,3
301020,3
304889,3
304257,3
301550,3
300027,3
301265,3
301179,3
302905,3
304536,3
303578,3
302718,3
301499,3
302420,3
303415,3
304571,3
302884,3
304996,3
301522,3
303189,3
300156,3
303872,3
304824,3
304175,3
302410,3
304745,3
304000,3
303365,3
300733,3
300150,3
302354,3
301108,3
300982,3
302848,3
300571,3
301961,3
304330,3
303748,3
302074,3
301808,3
301025,3
302077,3
300676,3
301157,3
301601,3
301027,3
300399,3
301275,3
303755,3
301801,3
303813,3
300031,3
301602,3
300303,3
303853,3
304366,3
304315,3
302235,3
303119,3
301661,3
300262,3
304225,3
301043,3
300255,3
304775,3
304949,3
301203,3
304588,3
303802,3
304674,3
302367,3
303195,3
302140,3
300689,3
304645,3
304041,3
303294,3
300747,3
300691,3
304717,3
300080,3
300122,3
300896,3
304874,3
301035,3
304518,3
304847,3
300972,3
302588,3
302442,3
303034,3
301124,3
303747,3
302566,3
300553,3
300848,3
301616,3
302047,3
300427,3
304346,3
302700,3
301381,3
301302,3
304529,3
303631,3
303898,3
300874,3
303019,3
303083,3
300332,3
302778,3
301597,3
303774,3
303230,3
303242,3
301008,3
304283,3
301906,3
301310,3
302954,3
304573,3
301212,3
303649,3
300318,3
300205,3
304887,3
303524,3
301962,3
303450,3
300547,3
303093,3
300935,3
300899,3
303482,3
301110,3
304785,3
304241,3
303576,3
301769,3
304942,3
301900,3
304977,3
304174,3
304819,3
302305,3
304731,3
301810,3
300521,3
303661,3
303600,3
303575,3
304327,3
300438,3
300695,3
300478,3
302959,3
302602,3
301690,3
302492,3
303305,3
300487,3
301760,3
300147,3
304688,3
303322,3
304109,3
302258,3
302917,3
304676,3
302338,3
302599,3
301217,3
304809,3
303551,3
301303,3
302182,3
304677,3
304084,3
301063,3
303553,3
300239,3
302330,3
303444,3
303775,3
302939,3
301797,3
302720,3
303401,3
302014,3
301738,3
300051,3
300865,3
302757,3
302373,3
303821,3
304146,3
300844,3
302434,3
300190,3
300390,3
304662,3
300443,3
303594,3
303516,3
301467,3
300092,3
304439,3
300684,3
301371,3
300369,3
302320,3
303181,3
301764,3
300957,3
300984,3
300336,3
301913,3
300118,3
302329,3
302249,3
302654,3
300351,3
301667,3
302891,3
301535,3
303104,3
303944,3
304164,3
304509,3
304930,3
300312,3
301578,3
303994,3
304158,3
301342,3
302983,3
304803,3
303291,3
304393,3
301329,3
304562,3
304835,3
303816,3
300347,3
303074,3
302797,3
300876,3
303486,3
302643,3
301202,3
304224,3
302484,3
304271,3
302725,3
303282,3
303414,3
301511,3
304409,3
302686,3
302724,3
301859,3
303533,3
302616,3
300834,3
302293,3
304776,3
300574,3
301378,3
300313,3
302424,3
300489,3
301564,3
300470,3
302655,3
302190,3
302632,3
303703,3
302075,3
302580,3
301735,3
303409,3
303492,3
304076,3
300372,3
303330,3
304216,3
303225,3
301889,3
300624,3
302914,3
300077,3
300702,3
301237,3
300358,3
300493,3
303063,3
301137,3
300791,3
303662,3
302097,3
303270,3
300386,3
303038,3
302487,3
302127,3
300110,3
302248,3
304228,3
302713,3
300925,3
304022,3
300279,3
301281,3
301517,3
300772,3
300681,3
300179,3
304617,3
300059,3
301391,3
304766,3
303985,3
304976,3
304695,3
304850,3
300418,3
304266,3
301768,3
300258,3
302436,3
301659,3
300112,3
301001,3
302447,3
300937,3
301884,3
303873,3
303803,3
302721,3
302191,3
301427,3
304563,3
304474,3
302587,3
301330,3
303521,3
304595,3
300442,3
300600,3
303355,3
302469,3
300558,3
300428,3
302439,3
304435,3
303520,3
300026,3
301914,3
301169,3
301428,3
300693,3
300248,3
304253,3
304704,3
300162,3
303422,3
302236,3
302433,3
304210,3
303827,3
303950,3
302711,3
304548,3
303281,3
302448,3
300656,3
301224,3
302685,3
303915,3
304445,3
300549,3
303930,3
304984,3
302372,3
302833,3
300290,3
301151,3
300753,3
304490,3
303790,3
302322,3
302769,3
302315,3
300496,3
300829,3
302519,3
304569,3
302408,3
302452,3
303689,3
300816,3
303193,3
301100,3
304836,3
303570,3
303295,3
302360,3
301145,3
301447,3
302753,3
301726,3
304258,3
300340,3
303471,3
301757,3
300341,3
302972,3
303185,3
302739,3
300014,3
303712,3
300645,3
301872,3
300792,3
302678,3
300142,3
304051,3
302526,3
301419,3
301622,3
303603,3
304724,3
302471,3
302325,3
304336,3
303505,3
302459,3
300085,3
303500,3
304673,3
303681,3
302532,3
303941,3
303857,3
302997,3
302901,3
301497,3
301445,3
304181,3
302444,3
300166,3
303993,3
304226,3
303259,3
303902,3
303484,3
303255,3
302066,3
300683,3
302680,3
301782,3
304229,3
302791,3
303335,3
300376,3
301013,3
300646,3
304461,3
303731,3
304650,3
300479,3
302823,3
304960,3
304204,3
302699,3
302081,3
302948,3
300843,3
303273,3
302177,3
300105,3
304551,3
300293,3
300224,3
302726,3
302928,3
302427,3
304348,3
302453,3
300686,3
301850,3
300775,3
304373,3
302310,3
304320,3
301377,3
301655,3
302932,3
304196,3
304074,3
303751,3
301559,3
303585,3
303829,3
300417,3
303092,3
301230,3
303699,3
301820,3
303162,3
304077,3
304601,3
304774,3
300556,3
304702,3
304990,3
304162,3
302817,3
302668,3
301619,3
303263,3
300041,3
300845,3
302900,3
301370,3
301402,3
302451,3
304008,3
303851,3
304997,3
302421,3
302246,3
303353,3
302176,3
302052,3
301747,3
301668,3
300475,3
302811,3
301666,3
304376,3
304050,3
303412,3
303393,3
300473,3
302849,3
301546,3
304167,3
300647,3
302719,3
304438,3
304581,3
302449,3
301078,3
303820,3
301437,3
304671,3
300926,3
302071,3
301272,3
303303,3
303810,3
300619,3
302893,3
302895,3
301475,3
303408,3
304189,3
302615,3
303538,3
302545,3
300821,3
304443,3
302110,3
300050,3
304179,3
303276,3
303496,3
303298,3
300153,3
301915,3
302083,3
302662,3
304869,3
302953,3
303182,3
302820,3
300218,3
304212,3
301886,3
302904,3
301728,3
300905,3
303391,3
301134,3
303224,3
301854,3
300994,3
301252,3
301571,3
303791,3
303891,3
301714,3
302582,3
304488,3
301269,3
300710,3
303056,3
304138,3
304543,3
303432,3
301544,3
300750,3
302896,3
303086,3
300452,3
304431,3
300540,3
302620,3
300773,3
303474,3
304857,3
302022,3
301220,3
301834,3
302314,3
302500,3
300548,3
302839,3
300191,3
301385,3
302046,3
303170,3
301694,3
304358,3
300397,3
302054,3
304163,3
302380,3
300238,3
301058,3
302708,3
304434,3
300425,3
301021,3
302145,3
304681,3
301388,3
302260,3
300045,3
301829,3
301392,3
304094,3
303776,3
300089,3
302018,3
300449,3
304421,3
301398,3
302912,3
302059,3
304691,3
303301,3
301639,3
300345,3
304703,3
300385,3
302982,3
303204,3
304758,3
302479,3
301557,3
301016,3
301294,3
300447,3
303646,3
304449,3
304783,3
301703,3
303779,3
302499,3
303403,3
303342,3
304909,3
304963,3
300159,3
301746,3
302690,3
303847,3
301953,3
304471,3
302432,3
303108,3
302539,3
300405,3
304753,3
304440,3
302133,3
301775,3
304566,3
304245,3
301236,3
302135,3
300202,3
300002,3
304627,3
301390,3
302253,3
301109,3
300209,3
303593,3
303210,3
301903,3
301164,3
302876,3
303047,3
303738,3
304389,3
301197,3
304822,3
300575,3
304168,3
304940,3
303308,3
300398,3
300731,3
301591,3
301842,3
302835,3
304604,3
301122,3
303094,3
300894,3
304259,3
304599,3
304577,3
301789,3
302417,3
302033,3
304325,3
302665,3
302978,3
301892,3
302741,3
303722,3
303613,3
301621,3
300285,3
301022,3
300742,3
303543,3
304090,3
300799,3
302015,3
301166,3
302688,3
304371,3
304991,3
302935,3
304971,3
302455,3
300989,3
303349,3
302113,3
300777,3
304187,3
300538,3
301529,3
300895,3
302779,3
302269,3
304770,3
301187,3
300455,3
300039,3
300554,3
302481,3
302416,3
300127,3
302872,3
304043,3
302765,3
300855,3
301505,3
304513,3
300173,3
304654,3
302348,3
301218,3
302056,3
300607,3
301498,3
304828,3
304951,3
303980,3
303423,3
300471,3
300316,3
301898,3
304236,3
302679,3
300065,3
304908,3
302598,3
303911,3
300361,3
301189,3
300035,3
302303,3
300764,3
300081,3
303856,3
303425,3
303437,3
303265,3
304533,3
301733,3
300974,3
304901,3
304415,3
302483,3
303399,3
304432,3
302199,3
300885,3
303345,3
302548,3
304352,3
304602,3
301155,3
301097,3
304823,3
304475,3
300906,3
303696,3
301506,3
302555,3
300728,3
301969,3
301488,3
300409,3
300734,3
303467,3
301389,3
300315,3
300149,3
303163,3
300682,3
301289,3
303221,3
301824,3
301374,3
301763,3
300880,3
302462,3
303310,3
304856,3
303304,3
302194,3
301432,3
301876,3
300288,3
301479,3
302755,3
302173,3
302740,3
301640,3
300437,3
304739,3
301542,3
302472,3
301922,3
304247,3
300706,3
303665,3
300871,3
302124,3
303258,3
300818,3
302290,3
304498,3
300879,3
300967,3
301345,3
302493,3
302888,3
304616,3
304005,3
300663,3
302938,3
301968,3
300804,3
304154,3
300868,3
302684,3
303826,3
302393,3
300119,3
301147,3
300072,3
303583,3
303599,3
304767,3
300480,3
303325,3
303229,3
301837,3
303789,3
301626,3
302572,3
300015,3
303565,3
304843,3
302272,3
300709,3
300181,3
300527,3
304324,3
304425,3
304357,3
304203,3
300411,3
300749,3
303288,3
304712,3
304516,3
302784,3
300317,3
302132,3
302263,3
302843,3
303239,3
303721,3
303831,3
303862,3
302232,3
303144,3
301309,3
302842,3
300678,3
304180,3
300666,3
304317,3
302267,3
300717,3
302193,3
302577,3
303770,3
302063,3
301195,3
300643,3
300309,3
303383,3
301132,3
303786,3
304030,3
301673,3
304535,3
300431,3
302977,3
303314,3
300616,3
302180,3
300494,3
300545,3
303020,3
302163,3
302443,3
302297,3
302412,3
302262,3
300003,3
302398,3
304378,3
301425,3
300518,3
300657,3
302638,3
302634,3
303884,3
300201,3
302673,3
300363,3
303436,3
302062,3
300930,3
300196,3
304356,3
303870,3
304514,3
300898,3
304833,3
300916,3
303933,3
303293,3
304594,3
300103,3
300831,3
303166,3
303240,3
303794,3
301066,3
300529,3
302516,3
302228,3
304522,3
304370,3
302463,3
303666,3
300111,3
301040,3
300839,3
300121,3
301227,3
302600,3
300765,3
301190,3
302082,3
303869,3
300637,3
300280,3
303449,3
304193,3
301362,3
300699,3
302011,3
303908,3
302222,3
301323,3
302312,3
302383,3
301347,3
300175,3
303152,3
300932,3
302309,3
303420,3
303695,3
304177,3
302030,3
302208,3
303470,3
304065,3
304040,3
300893,3
304062,3
301708,3
303279,3
300921,3
301426,3
302596,3
301442,3
300722,3
302790,3
300959,3
303126,3
304813,3
301719,3
302036,3
304135,3
300837,3
300587,3
302375,3
300897,3
303280,3
302808,3
300451,3
304397,3
300589,3
300131,3
302187,3
300956,3
304953,3
304309,3
301501,3
304641,3
301610,3
300780,3
301112,3
303072,3
304698,3
300716,3
300578,3
300284,3
301184,3
301987,3
303711,3
300012,3
301248,3
304334,3
303205,3
300517,3
304192,3
301614,3
304296,3
304718,3
300440,3
300701,3
301386,3
301897,3
301653,3
302007,3
302027,3
303945,3
301570,3
304350,3
304407,3
302639,3
301942,3
304917,3
300499,3
303359,3
302660,3
300738,3
303004,3
300046,3
303534,3
302591,3
300076,3
303508,3
302146,3
304326,3
303746,3
300307,3
302991,3
304777,3
301129,3
304744,3
303209,3
300254,3
301018,3
303623,3
303033,3
301618,3
302115,3
302392,3
303123,3
300006,3
300235,3
301319,3
302623,3
300973,3
302764,3
300466,3
304858,3
304937,3
302562,3
302894,3
300060,3
301504,3
301056,3
303717,3
303289,3
303679,3
301069,3
300302,3
304892,3
303771,3
300639,3
300552,3
300996,3
303438,3
304993,3
303466,3
301406,3
300069,3
301170,3
303677,3
303324,3
303956,3
304848,3
300826,3
304027,3
304653,3
303419,3
302280,3
304839,3
303549,3
304466,3
300892,3
300524,3
302594,3
302674,3
303895,3
303548,3
301031,3
300174,3
302120,3
303734,3
300265,3
300013,3
302394,3
301754,3
304729,3
301125,3
301537,3
302592,3
300325,3
301295,3
301843,3
303876,3
304123,3
303924,3
302438,3
300381,3
302942,3
300168,3
300979,3
301410,3
304417,3
300300,3
303421,3
301749,3
303806,3
300864,3
303497,3
303641,3
301106,3
301321,3
304299,3
303118,3
301580,3
300593,3
300467,3
300219,3
303997,3
301750,3
301101,3
303302,3
300138,3
301909,3
302377,3
302907,3
302777,3
301270,3
302243,3
304812,3
304880,3
301596,3
301251,3
304633,3
301792,3
304544,3
300461,3
301849,3
302657,3
302123,3
304053,3
303323,3
300186,3
300640,3
302752,3
303352,3
303130,3
300189,3
301174,3
300134,3
300430,3
304368,3
303319,3
300802,3
301776,3
303973,3
300243,3
303772,3
303227,3
300244,3
302524,3
300627,3
304119,3
303939,3
300805,3
302395,3
300873,3
300998,3
301042,3
304582,3
301160,3
304609,3
304923,3
304706,3
302319,3
300704,3
301299,3
300444,3
304896,3
304128,3
303569,3
300380,3
304578,3
301207,3
304806,3
300454,3
302550,3
303622,3
301646,3
302534,3
301873,3
300446,3
304778,3
301146,3
304761,3
303096,3
303714,3
304230,3
302205,3
302239,3
300523,3
304593,3
302773,3
304958,3
303079,3
304524,3
303804,3
302941,3
304304,3
300481,3
300240,3
304322,3
304716,3
303328,3
303493,3
301508,3
302621,3
301926,3
302254,3
303341,3
302009,3
303952,3
301899,3
302150,3
304361,3
301638,3
303605,3
301407,3
304377,3
301409,3
303297,3
300724,3
304033,3
304281,3
303142,3
304125,3
304160,3
303988,3
304293,3
301543,3
303889,3
303921,3
300263,3
303178,3
302552,3
304344,3
304134,3
301430,3
302192,3
304347,3
304107,3
304603,3
304683,3
300037,3
304920,3
300301,3
304956,3
302016,3
303188,3
302068,3
302406,3
303897,3
302838,3
302037,3
304486,3
303651,3
304287,3
304314,3
300287,3
303458,3
304527,3
304610,3
300966,3
301394,3
303780,3
303157,3
300132,3
302386,3
300904,3
304070,3
304464,3
301796,3
300668,3
302837,3
303060,3
303124,3
300423,3
301353,3
300484,3
301623,3
301086,3
301721,3
301524,3
303358,3
302968,3
304244,3
301832,3
303023,3
301814,3
301679,3
302950,3
300597,3
302399,3
301518,3
303814,3
301693,3
301541,3
303750,3
302478,3
304635,3
302094,3
302149,3
301233,3
304171,3
301966,3
301825,3
300457,3
303300,3
303015,3
302428,3
302565,3
303544,3
300953,3
300502,3
304757,3
300393,3
304722,3
303690,3
301139,3
300615,3
300407,3
300469,3
303702,3
300272,3
301663,3
304957,3
301277,3
303637,3
302610,3
300875,3
302023,3
301950,3
300200,3
302264,3
302277,3
302964,3
301300,3
304115,3
300903,3
304111,3
300360,3
300506,3
300101,3
304252,3
300630,3
304966,3
303039,3
303136,3
303983,3
302270,3
304875,3
303238,3
301382,3
300890,3
302282,3
300795,3
300025,3
301992,3
303736,3
300152,3
300809,3
301734,3
302257,3
302544,3
300490,3
302897,3
303246,3
301298,3
303127,3
301632,3
300767,3
303177,3
300511,3
300918,3
300459,3
303244,3
304243,3
303710,3
301581,3
304780,3
301732,3
300367,3
303527,3
303706,3
300464,3
301280,3
304078,3
304413,3
303106,3
301587,3
302437,3
301144,3
303249,3
301005,3
301424,3
302470,3
304120,3
300623,3
301951,3
301911,3
300227,3
301944,3
301439,3
303150,3
301807,3
303684,3
304552,3
303260,3
301064,3
304657,3
302698,3
303601,3
302276,3
303705,3
302958,3
300907,3
303845,3
304737,3
303767,3
300401,3
304567,3
304148,3
304844,3
302836,3
301893,3
301742,3
302993,3
302826,3
301613,3
300732,3
302676,3
304129,3
300923,3
304721,3
301835,3
301766,3
303577,3
303531,3
304441,3
300252,3
300946,3
302635,3
300943,3
302172,3
303893,3
303559,3
302196,3
300696,3
300626,3
304118,3
303186,3
302830,3
302627,3
301142,3
303664,3
302531,3
302311,3
301891,3
304623,3
301830,3
303452,3
303843,3
304364,3
300230,3
304063,3
304640,3
303389,3
303213,3
302111,3
303540,3
301712,3
300193,3
300635,3
301730,3
301007,3
301547,3
303112,3
300936,3
301241,3
304625,3
301472,3
300184,3
300500,3
303907,3
300402,3
302960,3
300781,3
304802,3
301376,3
304827,3
300900,3
300824,3
304549,3
302819,3
303765,3
302102,3
300673,3
300726,3
302906,3
301198,3
301023,3
301952,3
301096,3
303890,3
301649,3
302642,3
301771,3
302787,3
300054,3
304881,3
302731,3
301158,3
301532,3
300125,3
303434,3
304121,3
304369,3
302744,3
302374,3
300878,3
301627,3
304675,3
304884,3
301454,3
302031,3
303197,3
301117,3
302468,3
302560,3
301188,3
303344,3
303905,3
304607,3
301030,3
300379,3
302976,3
303395,3
301219,3
300249,3
303005,3
301921,3
303848,3
302804,3
300958,3
304342,3
304428,3
303051,3
303550,3
303515,3
300951,3
301113,3
302568,3
300448,3
300491,3
303424,3
304235,3
303158,3
304462,3
300934,3
300264,3
302951,3
303916,3
303250,3
303405,3
301780,3
302060,3
300754,3
302705,3
302963,3
300612,3
300109,3
303974,3
301500,3
303519,3
303216,3
304849,3
300986,3
303846,3
300096,3
303989,3
302118,3
301359,3
302652,3
302946,3
301089,3
300237,3
304399,3
303098,3
301574,3
302337,3
301748,3
303477,3
303483,3
304367,3
304592,3
300577,3
303105,3
302020,3
300066,3
301136,3
301695,3
302831,3
303041,3
301818,3
302745,3
304387,3
303657,3
302369,3
302518,3
300355,3
303159,3
302863,3
304232,3
302734,3
301853,3
302969,3
300053,3
302648,3
302659,3
303388,3
301964,3
303392,3
303552,3
301364,3
302628,3
301344,3
302595,3
303430,3
304427,3
304986,3
303362,3
300292,3
304865,3
304311,3
304586,3
301373,3
301773,3
304852,3
304895,3
302689,3
