108345	1
101973	1
100097	2
102335	1
102201	2
107888	3
104605	1
106606	2
102781	1
103211	1
107241	3
101575	3
108328	2
105071	1
108011	1
101492	3
109280	3
109990	1
104998	1
103254	1
107260	3
106985	2
107171	2
100213	1
103054	3
102578	3
102748	2
103691	1
109371	1
102468	3
104411	2
105767	2
101470	2
106674	1
100754	2
109263	3
104338	3
109493	1
107729	1
100806	1
106057	1
102046	3
105430	3
100475	3
105631	2
106115	2
105907	3
103179	1
101043	2
105149	3
103938	1
104457	3
103381	1
100289	1
109641	3
108125	3
108928	1
106233	3
105716	3
109537	3
104310	2
108427	1
102965	3
100416	1
109024	3
106329	3
109823	2
104169	1
107423	2
107898	1
103807	1
101926	3
101860	1
105393	1
107282	1
105732	3
103632	3
106823	3
109027	1
106781	3
107253	1
108990	1
108412	2
106064	3
107212	2
106583	3
108493	3
104057	1
104047	1
106216	3
107367	1
100805	1
105711	3
107581	1
105480	3
107595	2
100249	2
104066	3
103391	2
101969	2
100572	2
108194	1
102416	1
101284	1
100659	1
106715	1
109723	3
107821	1
101034	3
103830	1
104689	1
109212	1
107392	1
100728	3
104587	3
102556	3
101696	1
104282	1
109509	2
101529	2
102625	1
106418	3
108377	3
101451	1
101722	2
106014	3
106666	2
106769	3
109642	1
109397	3
101469	3
102013	1
100944	3
105121	1
109126	1
102747	1
103597	3
106389	3
108087	1
102954	2
109023	1
100493	2
106212	1
102165	3
108582	2
100516	2
109835	2
100101	1
103915	2
107215	2
103573	1
107120	3
105264	2
101752	1
100786	1
104601	2
103335	3
108959	1
102740	1
104322	1
106598	2
108292	1
107494	3
109062	1
108497	3
108012	2
107454	2
102081	1
108817	2
100142	2
101740	1
108466	3
105493	1
105659	1
109619	3
102693	3
101819	1
109745	1
106812	1
107526	2
104681	3
103120	3
101498	2
109411	3
107988	1
109813	1
105905	1
100762	3
106011	2
105765	1
100841	2
105337	3
100427	1
100821	1
108770	1
106679	1
103718	1
102951	3
106207	1
100641	3
100250	2
108591	1
100856	1
103816	2
104164	3
105754	3
107238	3
107836	3
105043	1
103526	1
106732	3
102467	2
109217	2
108232	2
100778	2
108676	3
104770	3
105632	1
102654	2
103697	1
103185	3
103852	2
103500	2
103893	1
105233	1
100967	1
104326	2
103330	3
100449	1
106372	1
104677	3
102508	3
105316	3
109635	1
102314	1
104493	2
101989	1
109606	1
103225	3
101914	3
109302	1
102630	3
101694	2
100087	3
108408	1
107510	3
103546	3
101416	1
108701	2
106165	1
103922	2
109705	1
100421	1
102974	1
102025	2
106368	3
104533	3
101174	2
105420	1
102937	1
104946	1
105999	2
102309	2
106299	1
100700	1
101363	2
106691	3
105781	1
104650	1
101338	2
109943	1
103339	3
106195	1
103715	2
102732	2
104402	2
100143	3
100666	3
105267	3
108458	1
105776	1
107289	1
105813	2
102351	1
108956	3
104319	3
105897	1
103051	2
104871	3
100623	2
100047	1
104704	2
108170	1
106707	2
102078	2
107310	2
106159	3
106016	1
102981	1
101230	1
109459	2
103258	2
107028	2
104797	2
105819	1
104671	3
100765	1
100256	1
104212	3
108680	1
100907	2
106594	1
106416	3
104939	1
104143	1
103278	2
100937	1
104407	2
102998	3
102072	1
101370	3
103711	3
105764	2
103108	1
108630	1
104321	2
101699	1
108747	1
102378	1
100088	2
102997	3
108784	2
109060	1
109632	2
100667	3
104546	1
101110	1
102550	3
103811	2
105486	2
109484	2
101102	2
101209	3
102343	2
106289	1
103663	3
100296	2
101955	3
100103	2
103999	1
106576	1
105481	2
100668	3
103992	2
103875	3
105025	3
107348	2
101065	3
105902	2
109439	1
103642	1
102996	3
109189	2
109598	2
107205	3
107209	3
105214	2
104298	2
105475	1
109887	1
101536	1
105748	1
106447	1
100560	2
105852	2
108693	3
101581	3
100718	2
107431	3
104646	3
100877	1
106974	1
106384	3
106956	3
100733	1
108922	1
100793	2
101917	1
104514	2
104775	1
107761	1
101003	1
102040	3
105090	3
100732	3
109571	3
103541	2
105094	2
106688	1
108235	2
108460	1
100243	2
105029	3
106522	2
100982	2
100167	1
103604	3
109904	2
104089	3
105230	3
100356	3
108293	1
102287	2
103966	3
102852	2
105923	1
102353	2
107169	1
106580	3
108296	1
108508	1
103091	2
109860	1
109791	1
107601	3
106741	1
101420	2
101910	1
103188	3
102842	1
108951	3
109712	1
105950	1
108568	1
104976	1
109681	2
108143	3
104516	1
101813	3
104661	3
100113	3
101769	3
101306	2
101224	1
109470	3
102170	3
108779	1
101139	2
104593	1
105730	2
109323	2
101817	3
106807	1
100987	2
104707	2
108256	3
102739	2
105321	1
108926	3
106534	1
107358	2
109609	1
106540	3
107721	2
108955	3
100792	2
107156	2
106886	1
100148	3
100935	3
103680	3
103132	1
104512	1
104839	1
105942	1
108921	1
108383	2
105856	1
101317	2
107125	2
105119	2
108238	2
105707	3
109032	3
107787	1
107892	2
104111	1
106486	1
109143	1
109767	1
100636	1
100267	1
104766	1
109039	3
104817	3
101965	3
101767	1
107973	1
103473	2
107850	1
103176	1
102584	3
101000	1
100865	3
104354	2
100100	2
106172	2
105828	1
108647	1
102972	2
106224	2
107509	2
109424	2
101994	1
106839	1
105425	1
108728	2
103705	1
102471	1
105969	1
104581	3
108763	1
106553	2
104603	3
100527	3
104924	2
104906	3
103109	3
102626	3
107976	1
104604	2
109625	2
107280	2
103265	2
105089	1
107363	3
102902	3
101027	2
103712	3
103451	2
101120	2
101440	3
102527	2
105009	1
107693	3
102602	1
109230	3
100083	1
105526	2
105938	3
103754	1
102135	3
109068	3
108454	3
100566	1
102245	1
103345	2
101946	1
104342	1
107249	2
103155	1
107224	1
100707	2
101979	2
109351	1
106617	2
102097	2
103236	2
109967	2
105148	1
107782	2
100489	3
102481	2
102686	1
108830	3
101966	3
106197	2
103232	1
100722	1
105441	2
108137	3
106874	2
107433	2
100539	2
108943	2
102280	2
104141	1
100795	1
108337	3
103906	1
103151	1
104763	2
104184	2
103809	1
109842	1
103739	1
101359	1
109787	2
109808	1
105505	1
106006	1
103010	3
105125	1
101066	1
102391	1
103614	2
101556	1
107574	1
103294	1
107781	1
106731	1
105174	2
109952	1
109454	3
102909	1
105179	1
100132	3
101985	2
105227	1
104340	2
100188	3
106229	2
106697	1
107970	1
106414	1
106235	3
105394	3
109318	3
107370	1
104323	3
107996	1
105016	1
102805	3
106914	1
103497	1
109322	2
106031	1
101553	3
100438	1
101953	1
104799	3
104994	3
105611	3
100386	1
105888	2
106998	2
104598	1
107109	2
100640	1
106614	3
106360	2
102984	3
102420	1
109631	3
101294	3
103398	2
106537	1
102491	3
101626	3
103037	2
107922	3
100931	3
105150	3
103774	3
103452	3
106326	2
107359	2
108409	1
106712	1
108745	3
100189	2
101310	2
106348	1
101227	1
109304	1
103679	1
105770	3
106205	1
109226	1
102537	1
101283	3
102019	1
104471	1
109054	1
109566	3
100696	3
109078	2
109594	1
105326	2
103968	2
107228	3
109092	1
101558	2
105677	3
100748	2
100542	1
108989	1
107300	3
100433	3
102263	2
102671	2
106455	2
104254	1
104723	3
106432	2
109684	3
106438	2
107731	1
103883	1
105918	1
101621	3
107564	2
103479	2
102106	1
108707	3
109884	2
103296	3
101784	2
105075	2
104945	1
109735	2
105550	3
107680	3
106363	3
107210	3
105032	1
102659	3
105808	1
105022	3
105733	2
100777	2
105055	1
101286	2
105372	2
105270	1
105853	1
106802	3
108718	1
102592	1
102549	3
106305	2
109622	2
100411	3
104312	1
100586	2
100383	1
102509	1
108642	2
107625	2
103849	1
105687	3
100676	2
105414	3
108484	1
107022	3
103036	3
103277	1
107266	1
102750	1
102119	1
104544	1
103854	3
102344	1
102778	3
108131	1
102151	1
102320	3
103411	2
109965	3
107665	3
100330	3
108398	3
109639	2
101390	1
102552	3
108987	2
101104	2
108525	2
100094	2
103611	3
103563	1
102617	2
107553	3
108244	1
109572	1
104223	2
105743	1
109753	1
109429	2
103512	2
102515	1
107747	3
106036	1
105123	2
108998	1
106624	2
102915	3
105939	2
102434	1
108422	1
104358	1
102603	2
100412	3
108881	3
102250	1
101866	2
102759	3
101330	3
103735	2
107717	2
106820	1
109999	1
100314	3
103745	3
104899	1
104204	2
101631	1
100418	1
107960	1
103616	2
105330	1
104978	1
104829	1
101757	1
105684	3
100160	2
104679	1
100610	3
104156	1
101044	3
103521	1
105581	1
107194	2
100949	2
108873	2
102474	2
109419	2
107234	1
103379	1
105499	1
106393	2
105588	2
107983	1
103173	1
108502	3
106923	1
106954	2
104848	1
106202	2
105192	1
106102	2
100796	1
104244	1
105980	1
100237	1
100247	1
108207	3
101024	2
104202	1
100387	2
100280	1
109633	1
101354	1
108739	1
106563	1
104571	3
106186	3
108394	3
108923	1
104459	1
103449	2
107990	3
106071	3
109540	3
105829	3
106929	2
105334	3
108992	1
104686	3
106680	1
105968	1
100060	3
103129	1
109623	2
106763	3
101008	3
103681	2
101378	2
104007	1
104199	1
101911	3
102688	2
104990	2
109972	2
108161	2
108168	2
108098	2
106267	2
103891	1
107986	2
104542	1
105472	3
104070	1
100631	2
108320	1
109344	3
101076	2
101362	2
107338	2
100210	3
105868	2
108641	3
109875	2
106723	2
103635	1
107335	3
106050	2
103881	3
108942	1
106111	2
105308	2
107477	1
102594	2
107549	2
106784	1
102840	3
109520	3
103927	2
102714	2
104174	3
108471	1
108952	1
105679	2
104802	2
109123	3
109282	2
108473	3
106390	1
108904	1
101534	2
109113	3
103392	1
106920	2
106190	2
100008	2
101933	2
109246	1
109533	1
103590	1
106152	2
100157	2
105288	2
108934	1
106961	1
101332	2
106052	1
103288	3
105729	1
101206	3
108031	3
103369	2
108697	2
102123	1
105738	2
105547	3
103805	3
102975	1
101744	1
104394	1
101236	2
104809	3
103542	2
103954	3
107862	1
107087	1
102822	3
106626	3
109676	3
108635	1
106434	1
103175	2
109474	1
102779	1
104328	3
101243	2
103213	1
107075	1
104688	2
100918	1
103203	3
100321	2
106029	1
108338	2
109073	2
100929	1
108189	2
101028	1
106439	1
108321	1
108099	2
105204	3
107822	3
104292	2
105850	1
105436	2
106265	3
106930	1
104719	1
106075	1
109946	3
106345	3
109355	3
103605	1
104859	3
103806	1
102606	1
107405	3
100125	3
104503	1
106126	2
104193	1
107158	1
108884	2
107622	2
104437	2
100925	1
103978	1
103224	1
109726	1
101407	3
107479	3
109955	3
107166	3
106401	3
107738	2
109347	2
104722	1
109861	3
109567	3
104739	2
104973	2
102229	3
108249	3
106228	1
105864	2
109929	1
103623	1
103545	1
100147	2
107831	2
104022	3
106608	2
104018	3
108743	1
102262	3
100783	3
100711	2
101822	2
105953	1
102152	3
106656	1
107401	1
104417	1
105157	3
105116	1
102178	1
104653	2
106887	2
102910	1
102867	1
102093	3
105494	1
101619	2
109505	3
108812	1
108515	2
108982	3
106410	3
107968	3
108188	1
102968	2
108855	1
107384	1
102373	3
108797	1
109410	2
103006	1
102291	3
109046	1
104441	3
100222	3
102301	2
100893	2
109504	1
104717	2
109086	1
104196	2
107047	1
105693	1
108683	1
109093	1
105737	3
101600	2
106533	3
108597	2
109774	3
106671	2
105783	2
100443	1
101762	3
106082	1
102994	3
107740	2
109870	3
103416	2
100472	1
102572	2
108436	1
101876	1
106829	2
100534	2
109400	1
109612	2
108222	1
109602	3
107247	2
104046	2
100323	3
106560	3
101442	2
104166	1
109573	1
102703	1
109087	2
104663	3
100410	1
108659	3
100759	1
108437	2
109942	2
102953	3
104847	1
109564	1
109095	1
102332	1
102345	2
109297	2
106021	1
107654	3
105035	1
103958	1
107160	1
102296	1
103732	1
105705	1
104600	1
102873	1
105786	3
109146	3
102256	3
100496	1
107792	3
105417	3
100186	1
108902	2
108690	1
105369	1
109115	2
100645	3
101276	1
100917	3
105724	2
104923	1
104606	3
102371	3
106782	2
104469	1
103424	1
104074	1
101550	2
108165	1
104019	3
105331	1
108790	2
107119	3
103103	1
106076	3
105196	2
105183	1
103397	3
108355	1
109236	2
100384	3
103093	3
107899	2
103974	2
103833	1
109241	1
103153	1
106892	1
109737	2
103977	1
107769	2
105545	1
100009	2
101168	1
104497	1
105406	1
103554	2
102777	3
105874	1
105988	3
101157	1
106086	3
105191	3
107855	1
106000	2
104113	2
105360	2
105002	2
108533	3
109544	1
103202	2
109593	3
100031	2
106462	3
101697	2
101648	1
105843	3
100161	3
103126	3
109368	2
101039	2
101398	1
108875	2
103494	2
102316	1
100746	1
104862	3
103251	2
106088	2
107959	2
100630	3
101851	1
108358	2
104615	1
103135	1
102743	1
107828	3
101424	3
103230	2
100077	2
108455	1
105160	3
102055	1
103842	3
109624	2
100281	2
106412	1
105324	3
103804	3
108916	3
104928	1
109365	3
101098	1
109922	1
100365	1
101695	3
102930	2
101506	2
102786	1
108353	1
108325	3
101777	2
106466	3
103578	3
107429	2
103498	3
106290	3
101005	1
103067	2
107965	2
108820	2
103158	2
108586	3
102665	3
104708	2
109727	2
107230	1
104450	3
103222	2
100947	2
108794	2
103246	1
101296	2
103894	2
104521	2
101678	3
105097	3
103993	1
105534	3
100152	3
104146	1
106557	1
101559	3
101183	1
109098	2
107927	2
102931	1
108370	3
100892	2
105530	1
105057	2
104578	3
106539	3
100824	1
100782	1
102028	2
107930	1
109629	2
103733	3
100899	3
104382	3
100938	1
102579	1
101568	3
100576	1
107872	2
102495	1
100300	3
106972	1
104623	3
108652	1
108962	3
105282	3
104362	1
107220	1
106472	3
106493	1
103249	3
104373	3
104714	1
106599	3
107043	3
103672	1
106638	1
107461	3
102384	2
105040	1
104920	3
107638	2
105005	1
102532	1
105045	1
104472	2
107382	1
104846	1
100511	2
102039	2
105433	1
104268	3
107570	1
105912	1
100131	2
105200	2
108419	3
101361	1
103448	2
103029	1
103734	1
106419	3
101233	1
101898	3
101724	1
101567	1
103325	1
103567	1
101468	2
108617	1
109040	1
104190	1
107812	1
106464	2
103835	2
108173	3
108732	1
100099	2
106694	1
109061	3
103794	1
103312	2
103196	2
109637	3
109514	3
109291	1
101856	3
109991	3
109360	1
101599	1
106179	3
101062	3
109648	3
102047	3
104858	2
103493	3
107664	1
100517	2
105523	2
107900	2
101274	3
103017	1
100698	3
106010	3
103115	2
100471	3
101902	3
108730	3
107963	1
109176	3
106153	2
109775	3
107948	1
106426	3
105573	1
103380	1
102079	1
101457	1
101533	2
102862	1
100774	3
107901	3
106776	1
106056	3
109380	1
101978	1
109980	1
104523	1
106398	1
109702	3
101614	3
101546	3
109120	2
104755	3
109703	1
102294	1
104972	2
101122	3
100051	1
106604	1
109855	3
102600	1
109996	1
109209	2
104966	2
109627	3
109305	3
102533	2
102221	2
105313	3
101116	1
102866	3
101395	1
106403	3
101988	1
108234	2
107674	1
100364	2
104130	2
101344	1
104122	1
103359	3
103818	3
100695	3
104351	3
107720	1
107045	3
105940	1
108444	3
100660	3
105063	1
102302	2
103728	2
105169	3
103618	3
101655	2
108000	1
103575	3
107520	3
104823	3
100346	1
102103	1
104211	1
108283	3
100881	1
107845	1
107116	2
106231	1
106361	3
104264	1
104233	2
107488	1
107218	3
105944	3
106710	2
103990	3
108539	1
105247	1
103878	3
103260	1
106873	2
107776	3
100417	1
100773	1
108863	1
100962	1
107178	1
103485	1
102649	1
104349	1
107608	1
102673	3
103110	3
109151	1
104673	2
100042	3
107825	1
107852	1
101738	2
107517	2
109701	1
107870	1
103095	1
104520	1
104930	3
108954	1
100255	3
108373	1
104702	1
109876	3
107521	2
104993	1
106425	3
104838	1
102375	1
109683	3
105182	3
102107	2
106968	3
108307	3
106005	1
101974	3
104344	1
103097	2
102761	1
100964	2
100488	1
109193	3
101666	2
108561	2
103464	3
106146	1
104360	1
104618	3
102611	1
104397	1
100114	1
103075	1
100878	1
107096	3
104929	3
101427	1
109490	3
106682	2
103308	1
107565	3
104515	1
103888	1
109898	1
103756	1
100223	2
104103	2
100703	2
105718	3
109222	1
107391	2
102742	3
104683	1
109518	2
108147	1
107438	1
108461	1
108519	2
106218	3
103617	1
106199	1
103001	2
107383	3
103431	3
109503	3
105648	1
104288	2
101908	1
103079	1
108639	2
101438	3
103503	2
101893	3
105576	3
100869	1
107597	1
100473	3
101625	3
101036	1
109577	3
107889	1
103400	2
103869	2
106277	3
101840	1
104834	1
108563	2
109513	1
100671	1
101237	3
107261	3
101176	2
109660	3
109043	2
106484	2
100204	2
106944	3
106276	1
103088	1
108428	1
108223	2
105960	3
106470	2
108368	1
100831	3
101482	2
103530	2
100916	2
100155	3
109030	3
107413	2
104788	2
102886	3
109994	1
109252	1
103123	1
107053	3
106035	1
109413	1
102324	3
108315	3
107458	1
100665	2
109909	1
101915	2
106253	2
107287	2
101563	2
109494	3
104999	1
107631	3
109333	3
107295	3
109404	2
109391	3
103717	2
106424	1
107650	1
109563	3
105985	1
108946	3
108195	3
102304	1
100642	2
102817	1
100307	3
107866	1
100092	2
105300	2
108209	1
108414	2
104060	2
101790	1
103313	2
105205	1
103242	1
105131	3
107272	2
106255	3
106937	2
104554	1
107233	2
108842	2
109992	2
106451	2
107437	1
101118	1
101826	1
100453	1
104216	2
100027	2
105489	2
104563	3
104192	2
107117	1
100571	2
103025	3
105344	2
102590	1
100835	2
108927	2
103808	1
105880	3
106517	1
101213	1
108127	2
103513	1
108958	1
104991	2
105921	2
107267	1
103867	3
102526	1
106354	3
107921	2
100679	3
100579	2
108488	1
106206	2
108269	1
109620	3
100521	2
101824	2
101657	1
102844	2
100080	1
108915	3
106983	3
107619	2
105107	2
108755	1
102275	1
107743	2
106856	1
108279	1
104127	1
100635	1
106524	1
106108	2
104327	3
101756	1
101210	1
109935	1
107040	2
107714	1
105592	1
106925	2
107819	3
104765	1
107811	2
102037	3
103284	2
102064	2
101719	3
105514	3
105777	1
104960	1
102215	2
103792	2
105438	3
103459	1
109805	3
107064	1
106024	1
109669	3
105906	3
109174	2
101647	3
105366	2
100392	2
108929	1
104320	3
102017	3
104412	2
102741	1
101203	1
106460	2
108785	1
109975	3
109403	2
102363	1
103323	2
103743	3
104142	1
107168	3
109316	1
107536	3
108864	3
103634	2
103569	2
108201	1
107966	2
105076	1
107790	1
102307	3
107835	2
102621	1
100165	2
100184	1
101012	1
105362	2
105416	2
102340	1
102493	2
107459	2
100663	1
101755	1
102125	3
104711	1
105539	2
102796	3
105877	1
100344	1
102569	2
104165	3
101672	2
104733	2
108479	2
100958	1
104236	1
109713	1
105686	3
101273	1
104672	3
107736	3
101439	2
100348	3
104908	1
106867	3
108443	3
106736	1
102490	2
103870	1
101849	3
101266	2
106644	1
108080	3
100590	2
105796	2
105044	1
106541	2
100639	1
102446	3
107185	1
109770	3
102678	2
103710	2
101758	1
108252	3
108633	1
100397	2
103837	3
105792	3
100750	2
108319	2
106838	1
105253	2
105445	3
106913	2
104271	3
109511	3
104367	2
100758	3
106210	1
108096	1
106587	1
108627	1
102806	1
104693	2
106556	2
100004	1
102464	2
101963	3
105363	3
108246	3
107073	3
104318	1
108653	1
100520	3
104484	2
102225	2
106991	1
104077	1
103060	3
108748	2
102926	1
101736	3
103511	2
106249	2
106754	3
106901	2
109802	1
104462	1
108008	3
109440	1
107951	1
109736	1
106607	2
109978	1
103654	2
107759	3
104884	2
101160	3
102540	2
104017	1
107462	3
107019	1
105202	1
108897	2
109592	3
100299	1
108467	1
108318	2
106394	3
102514	1
108257	2
100628	3
106380	1
105495	3
106908	3
106777	2
101930	2
107252	3
108392	3
109473	3
108470	1
101170	3
103901	1
108138	3
109838	3
106106	1
108852	2
109916	1
104880	1
105175	1
105031	1
107303	3
102825	3
108281	3
101982	3
106775	1
100763	2
101504	3
107387	2
101418	2
104665	1
104933	1
106223	2
105872	1
101444	2
102960	1
107817	1
105742	1
103331	1
109149	2
104706	1
105657	3
107941	2
109426	2
107023	2
106526	1
101040	3
105644	2
107317	3
108430	3
107643	2
109182	1
104404	1
109500	1
102583	1
103008	1
105883	1
109543	1
105133	1
109381	2
108899	2
108826	2
109893	3
106040	1
102241	1
107618	3
102117	1
106530	3
102321	1
104308	2
104565	3
109431	3
107925	1
102029	1
107800	1
109083	1
103096	3
104485	3
101899	3
109144	1
103164	1
106737	1
100326	2
107830	3
102473	1
101327	2
102281	1
102874	1
107074	1
103114	3
109158	3
105882	2
109655	1
108643	1
102020	1
101113	2
100531	3
105827	2
106659	3
104539	2
104786	3
104864	1
103092	2
106480	1
105860	2
106696	1
104590	2
106948	2
101246	2
103827	2
100261	1
106221	1
104857	1
104684	2
106799	2
103935	2
103271	3
108090	1
106738	1
101173	3
108572	3
103463	3
100093	2
105383	2
107288	1
100902	1
109672	1
107029	3
105008	1
106475	3
107649	1
109806	2
100492	2
105761	3
108610	2
109958	2
102224	3
101828	2
105266	2
109941	3
106800	2
104901	1
102534	1
104480	3
104956	3
100813	3
100683	1
108772	2
108816	1
105074	2
108117	3
109407	1
109336	1
101868	2
102989	3
107518	2
108290	3
107804	1
109523	1
104609	2
106257	1
108845	3
104259	3
104816	2
108821	3
103307	1
105658	2
101962	2
103057	2
107339	3
106768	3
109936	1
108306	1
105358	3
104936	1
105651	2
107895	1
108551	2
105791	3
101254	3
107089	2
102710	3
109751	1
109793	1
104314	1
106980	3
104845	2
108073	1
107021	2
105627	3
104205	3
108876	3
102410	2
104627	1
105410	1
106964	3
108530	1
107964	2
100625	1
109868	2
100535	1
101141	1
102315	2
108051	2
103221	3
104330	3
105225	3
103212	2
108841	3
109760	3
107223	2
109828	1
101888	1
107368	3
105580	2
108132	1
101215	3
107316	1
105931	1
101639	1
104300	2
109519	2
103907	1
100736	3
100230	3
101250	2
107403	1
101493	1
103210	1
100897	3
101369	1
103280	3
107100	2
107236	2
105139	1
106967	3
109306	1
100133	2
108280	1
108917	1
107350	1
102207	1
104108	2
102368	1
101346	3
108465	2
108457	3
104890	3
100729	1
105945	1
105760	1
106992	1
109778	1
101419	1
103789	1
107129	1
101861	1
107444	1
105162	3
101509	1
105616	1
107297	3
109313	3
101297	1
104974	2
109910	3
101708	3
104483	2
102624	2
101447	1
105810	3
102506	3
108247	1
105797	3
104431	2
100945	3
101041	3
109277	2
107422	1
102667	1
106250	1
108549	3
108050	2
103402	1
102783	3
105895	1
105862	2
101409	3
109178	1
107522	1
106858	1
105322	1
101754	2
104346	1
108663	2
106837	2
101358	3
100380	1
102503	1
106260	2
104041	2
103121	1
103455	2
101706	3
106847	2
108832	2
107861	1
100011	2
100194	1
107903	2
103942	3
104502	3
103326	3
103600	3
104385	2
104465	1
101052	1
109976	1
109167	1
107584	2
107730	2
103130	1
106254	2
109247	1
101909	1
105993	3
109824	2
103490	1
105483	3
106093	3
107491	1
104217	1
101821	2
104425	1
100341	3
100891	1
100265	1
104645	2
107641	3
103646	2
105051	1
101967	1
108511	2
104448	2
103785	1
101623	1
109995	1
104468	2
102226	3
103428	1
109707	1
100885	1
104713	2
109163	3
107807	3
101150	1
101901	3
103468	1
107750	3
106183	2
100922	2
107502	1
100717	3
103584	1
109466	1
101304	1
101620	3
109077	1
108896	2
100191	1
105401	1
102709	1
108225	2
108260	1
103921	2
100655	2
107580	2
105066	3
101053	3
106266	2
108151	2
109932	3
101661	1
103713	2
102433	2
102118	2
107035	1
107318	2
108192	1
103897	1
102906	2
100434	3
106213	1
104377	3
102431	3
105184	1
107840	3
102753	1
104413	3
104286	1
107011	1
102677	3
103581	1
100339	2
108453	1
105106	3
108522	2
106039	1
100293	2
100857	2
106503	3
103865	2
100784	3
105216	1
100141	3
106155	3
100096	2
109382	3
102030	1
101455	2
101783	3
108616	2
102582	3
100615	1
103843	1
104232	1
105378	2
103309	3
106724	1
105452	3
106634	2
105003	2
109801	2
100595	1
105306	1
108605	2
105180	1
101375	1
109687	1
106344	1
105628	3
103183	2
102864	1
107198	1
101528	2
106986	2
100948	1
108721	3
101576	1
100006	1
104749	2
103084	3
107979	1
106665	1
100302	1
104222	1
101825	3
109919	2
108967	2
102882	1
102412	3
108985	2
101334	2
100252	1
106562	2
104451	3
103433	1
107193	3
106866	2
109685	1
104194	1
107183	1
107543	3
107063	1
100963	1
100626	2
104550	2
100638	3
106733	2
101491	2
108872	3
107698	3
101774	2
106081	1
102991	3
100680	1
103423	3
102700	2
103914	1
108312	2
109548	1
104460	3
106073	3
109047	2
109945	3
103817	1
109907	2
106664	1
108526	2
100272	1
105197	3
103041	1
100043	3
102248	1
104849	1
103847	2
101573	3
103664	1
101766	2
102699	1
100332	1
104796	3
109848	1
101688	1
102708	1
109960	2
100713	2
103262	2
103662	3
100324	1
104958	2
104440	1
105845	2
103509	1
103142	2
102318	1
106411	2
104561	1
102264	3
106382	1
106602	2
109809	1
103948	1
108912	1
105650	2
100932	3
104919	1
109492	2
102963	1
109652	2
107697	2
101193	1
100220	1
108657	2
100724	1
108172	1
106353	1
107283	2
109851	2
101164	3
104220	3
107803	3
109534	1
104822	3
103040	1
105449	1
101793	1
101186	2
109645	2
104209	1
102633	1
103940	3
100614	1
102216	2
104937	2
107400	2
105118	2
108429	3
103684	3
105952	2
101159	2
108233	3
109422	1
100407	1
100715	3
100780	3
106023	2
101257	1
101604	2
109171	2
100686	3
103626	1
103099	3
105794	2
104200	3
108939	1
107621	1
102772	2
100621	1
106427	1
106683	1
108749	1
109754	2
105460	3
105004	1
101396	2
107442	1
108827	3
107451	3
102775	3
106940	1
109790	1
106112	2
101138	2
102024	2
109599	2
105178	2
104595	3
107211	2
103841	3
106896	1
101597	1
101413	3
107098	3
107308	1
107857	2
103704	1
105117	3
107742	2
101950	1
105350	2
100313	2
109550	3
105165	1
101527	2
108022	2
109949	3
109124	1
101936	1
107943	2
109148	2
106552	2
101075	1
101216	1
100943	2
108088	2
101204	1
105898	1
102331	2
109130	2
108418	3
106729	2
107357	3
106924	3
105830	3
100669	2
108273	2
109122	1
109549	2
100347	2
102113	1
109408	2
108033	3
103606	1
108810	1
104826	2
106437	1
107636	3
105866	3
102908	2
101624	2
101913	3
100647	1
100290	1
102346	2
101646	3
105983	2
102414	2
106744	2
104995	3
105955	1
104031	3
106498	2
108334	2
101267	1
101131	1
109273	1
103043	2
106293	1
102099	2
101351	2
100190	2
105080	3
108323	1
107569	2
101892	1
103261	2
101384	1
103631	3
106366	1
102634	1
104636	1
107733	2
101123	1
103111	1
106246	1
105554	2
107374	2
101590	3
109969	1
102411	2
103417	1
105878	1
105332	3
108375	3
108622	3
100692	2
102239	2
106370	1
106059	1
107912	3
103283	3
100208	1
105708	1
103502	2
105689	2
104442	1
105340	1
106236	1
100809	3
105635	3
104364	2
102348	3
108130	2
103911	1
101473	2
102110	1
102459	2
100888	3
102137	2
105408	3
109588	2
104100	3
102568	1
108931	1
109871	2
100065	1
101475	3
106673	1
108909	1
104968	1
106319	3
109117	1
102604	1
108082	1
106037	3
102087	1
101448	3
104072	3
100201	1
107644	3
103778	2
103928	1
108756	2
108442	1
101248	1
103065	1
104710	2
108969	2
102851	3
109984	2
109295	1
105681	3
100605	1
104557	3
103373	2
101437	3
103387	1
105548	2
100879	2
109771	1
103722	2
106387	1
103880	3
103000	1
100557	2
107465	2
103721	1
107334	3
104573	1
104473	1
100875	3
103474	2
107611	2
104867	1
103757	2
107093	2
103762	2
103988	2
104304	1
101088	3
101430	1
107135	3
100726	2
100819	1
104325	3
103207	1
101836	2
103553	3
107745	3
107538	1
107296	2
107188	2
108658	1
106600	1
102112	1
100277	2
103834	2
100839	3
101032	1
102370	2
103896	3
104334	2
103004	1
105231	2
103955	1
108045	1
104698	3
105145	1
108993	1
108432	1
104743	2
105536	1
103528	2
102482	1
109091	2
108996	1
108243	2
103764	1
101964	2
101548	3
108567	2
103495	1
108477	2
108800	3
108411	2
109878	3
102488	3
102807	1
106079	1
108634	3
109636	2
104421	1
100825	2
106863	1
103350	1
109547	1
103399	3
102122	2
106676	3
105260	1
101466	2
106327	2
103439	1
109568	1
108731	3
100781	2
105676	3
102409	1
105881	1
103148	2
107575	2
106170	1
105802	3
106881	2
108614	2
104449	1
105639	3
101795	3
105328	1
100023	2
107046	2
103124	2
105578	1
107758	1
106336	1
104921	2
105277	1
108118	1
103629	2
102935	1
103408	1
103920	1
108919	3
104648	2
109395	2
102105	1
103594	1
100741	3
106757	1
102147	1
105948	3
101585	3
109103	1
103650	1
101881	2
106114	3
102090	1
100593	1
101865	3
103912	1
100432	2
104253	1
106033	2
104682	1
109762	1
101768	2
104293	2
105603	1
102828	1
105528	3
109266	3
101993	1
105323	3
108065	3
100911	1
107115	2
104764	3
102992	1
109733	3
108115	1
107962	1
104012	1
100248	2
100624	1
102944	2
109014	3
101727	2
101169	3
109434	1
108576	1
108792	3
101714	1
103828	3
105896	1
102962	2
106756	1
109677	2
109682	1
100977	3
100078	3
107640	1
101167	1
106239	1
103786	1
109902	1
103983	1
103083	3
106089	1
101831	3
102231	3
105698	2
100617	1
106864	1
104878	1
104120	2
100034	1
100371	2
102512	2
102400	3
106976	2
102776	1
107670	2
100637	1
105981	3
108084	3
107906	2
106053	2
100870	1
102538	1
109915	2
109268	1
101426	1
105485	1
103255	3
104218	1
107620	1
109491	3
100149	3
103660	3
106568	1
103496	3
109445	1
108716	2
101335	2
103170	1
109141	1
108183	3
101324	1
105434	1
100451	1
108857	3
100476	1
108228	2
103621	3
104952	3
109228	2
103336	1
108618	1
104214	2
101406	2
100582	2
102912	1
104570	2
105385	2
100721	2
104173	3
105769	1
100670	1
105418	2
105059	1
101710	3
107481	2
108840	2
100180	2
101265	1
103720	3
104464	1
104391	1
107499	3
106946	1
102501	3
101368	1
107995	1
105399	3
107920	1
109261	3
108562	1
102453	3
106067	1
100351	1
106726	1
102500	2
108075	2
104188	1
107314	1
105086	1
105429	3
106774	1
105518	1
107396	2
107107	2
101503	1
102767	3
102651	3
106150	2
101549	2
101628	2
104950	3
108646	1
100494	1
107276	3
101288	3
102498	1
105559	3
108558	1
109553	3
104977	3
106649	1
104637	3
108417	2
100002	3
104079	1
108403	3
101097	2
103413	3
108882	1
103609	3
108735	3
103651	1
106827	2
105660	1
100592	1
106413	1
109954	3
100456	1
102319	2
109605	3
100740	3
108342	3
105220	3
106304	2
107605	3
101535	1
102507	1
100591	2
107868	3
108102	3
106785	3
109405	2
103741	2
107763	1
100013	3
103240	1
108015	1
104369	1
106567	1
107277	2
108193	1
109150	3
100235	3
107148	3
106391	3
103223	2
107067	3
105487	2
108777	1
100834	1
106650	1
106215	2
107707	1
108379	1
100939	1
105787	2
108270	3
108553	1
105341	2
105899	1
104368	1
104366	2
102004	2
106122	2
108263	2
107284	2
104947	1
108067	2
104479	2
109441	2
106618	1
105725	2
102000	1
105448	1
103200	2
103197	3
101778	2
101105	1
108452	3
103113	3
101606	3
101143	1
103963	1
107024	2
109279	1
100992	1
107377	3
100285	1
106456	2
102949	1
105719	1
105531	1
104779	1
108499	1
102536	2
101641	1
104499	1
101417	1
101698	2
105234	2
108276	2
102644	1
103289	3
101156	1
109377	1
103965	3
101615	2
104580	1
102712	1
104556	1
109165	2
103286	1
105671	2
100568	1
102768	3
101187	3
107167	3
106646	1
101343	3
100522	3
107844	1
106722	3
100859	2
104376	2
103028	3
103444	1
108166	3
106375	2
105348	2
109981	3
100273	2
104452	1
103640	3
108541	2
108036	1
101019	3
102933	3
100807	1
100331	3
109927	3
109857	1
109495	1
100978	3
104345	3
105254	1
105911	2
108664	3
108768	2
101588	1
100140	3
101055	2
100536	3
104697	1
108298	3
106376	2
107616	2
105177	1
108598	1
106544	3
109847	3
100959	3
102401	3
106408	1
108818	3
102720	2
101630	1
108119	3
106421	2
104589	3
108532	3
109192	2
109019	3
104828	1
103665	1
108625	3
107816	1
108672	1
105064	1
103429	1
102522	2
101011	1
101404	3
106054	3
106518	1
103383	2
100737	1
100181	2
109833	3
106977	3
105098	1
108578	1
100980	1
105056	1
105721	1
101539	2
102219	3
102496	3
107421	3
107719	3
105278	1
103552	1
108356	3
106405	3
102973	1
105800	1
107604	1
108787	3
104239	2
109134	3
102003	3
108366	1
108581	3
106960	2
100871	2
104270	1
103018	1
101162	2
102663	3
108155	3
104668	1
102813	1
109776	1
103415	1
100984	2
101954	1
103860	2
106220	1
105261	2
103377	3
100994	3
101171	1
109689	3
109199	2
104435	2
103219	2
101460	3
107515	1
109028	3
103749	3
106730	1
100454	1
100512	3
106859	1
104519	3
109289	1
108711	3
108311	3
104961	2
104619	1
107701	1
105793	2
105613	1
108903	1
107445	1
107146	1
109016	2
102670	2
109644	2
104466	1
108552	3
107818	2
102091	1
100228	3
106356	1
107343	1
103861	1
106502	3
107004	3
100435	2
101434	2
103477	3
108094	3
101570	1
105668	1
101443	3
104098	3
104759	2
104420	1
105333	1
105841	2
100345	2
108688	3
105305	2
107385	3
106973	1
103192	1
101048	3
100429	3
106875	1
100653	3
108009	1
108092	1
107544	2
109947	1
103160	1
108791	3
105876	1
100710	2
100325	3
103360	1
104126	1
104207	3
101356	2
105026	1
108703	1
105890	1
103987	2
106661	2
107152	2
107854	3
101753	3
103518	2
103585	2
107939	2
101353	3
103483	3
101665	2
108388	2
106435	1
101804	2
104144	2
106338	3
104894	3
107832	1
101490	2
102719	3
109661	1
101601	2
109232	3
105023	1
101772	1
100262	2
107172	1
101537	3
108960	3
100308	3
100059	1
106507	2
108199	1
106189	3
108445	2
108154	1
100701	1
107696	3
101325	3
102440	1
109626	3
109933	3
103150	1
103793	2
101593	1
108300	1
106203	2
108510	1
102593	1
106932	1
101435	2
105710	2
107262	3
108554	1
106702	1
109488	3
103007	2
102599	3
104705	1
108545	2
107091	1
105624	2
106758	1
109930	2
104348	2
102077	1
107612	3
103420	2
106791	1
105863	3
104042	3
101129	1
102542	2
107978	1
101906	1
105831	1
108124	1
106950	3
108185	2
103045	1
101235	1
101652	3
104954	2
100462	1
109788	1
102044	2
103019	1
103627	3
109321	1
105922	1
106743	3
101742	3
106483	1
107199	2
102476	1
109059	3
105158	3
103389	1
109570	2
106965	1
104795	1
100375	1
102449	3
102704	2
102978	2
108838	3
101578	2
109185	1
107847	2
100294	3
107114	3
104181	3
104513	3
108405	2
107299	2
106668	3
102707	3
103919	1
105703	3
108890	3
101677	2
105052	2
106275	2
108679	3
106287	3
104105	3
103259	1
100749	2
100257	2
104524	2
106593	1
103015	1
108709	2
108196	1
102100	2
103595	3
105614	3
107722	1
103995	3
102236	2
107402	2
104155	1
105315	3
104427	2
106559	2
105193	1
106441	2
106817	3
103599	3
107191	3
100389	1
108681	1
102422	1
102555	2
106262	2
109889	2
101603	2
105298	1
106801	3
105365	3
109412	3
106933	1
105552	3
102826	1
107126	3
105640	3
102793	3
101789	1
100993	3
103874	3
109311	1
109883	1
104475	3
104235	3
109443	2
107245	2
102716	3
106279	3
100656	3
104273	2
107140	3
105361	2
100286	3
107588	2
107718	3
105569	2
109219	1
102901	1
104718	1
106529	1
105249	1
103372	3
107151	1
108126	1
108662	2
106315	2
100487	3
102419	1
100811	3
102109	2
108112	3
103436	1
108333	2
105879	2
101292	1
109260	1
104922	3
107947	3
102035	1
101172	1
100643	3
100772	1
108180	2
107070	2
102067	2
102430	2
107562	1
100401	2
100779	2
105146	3
106630	2
107793	1
109448	1
105190	3
100529	3
101033	2
107530	2
105424	2
103166	1
104386	3
100297	3
107613	3
103696	1
105949	2
103823	2
108824	1
105837	3
104347	3
102608	2
106365	3
100847	3
101144	1
105154	3
107842	3
102987	2
108424	2
103318	1
100025	2
104579	2
109444	1
108439	1
106571	1
103047	2
104076	1
101191	2
107271	1
109367	3
104335	1
104206	1
104610	3
100085	1
103821	1
105100	2
106116	1
104170	1
100674	2
100739	1
104033	1
103905	1
109587	2
103903	2
103061	2
100072	2
107725	3
100580	2
109891	2
109939	3
104136	3
109497	1
104444	2
108608	2
101629	1
104574	1
104642	3
104957	1
108995	1
107801	1
100049	3
102616	2
107464	1
102092	2
100523	1
106230	2
104913	2
108944	1
103742	2
103401	2
102230	2
103482	1
108474	2
105806	3
106640	2
104837	1
102247	3
107727	2
109528	3
100217	1
108142	1
103361	1
102450	1
105459	1
105232	3
107330	2
103229	3
108267	1
106085	1
101319	1
100677	1
107702	2
101029	3
103144	1
109508	2
104534	2
109480	3
102911	1
104801	2
101995	1
105419	3
106945	3
107557	1
101519	2
109153	2
109328	3
102811	1
104456	3
104229	3
100616	1
109056	1
100887	1
104889	3
105011	2
101582	3
109310	3
107603	2
107726	2
107757	1
107256	3
101302	1
104400	1
105964	1
107754	1
101671	3
102821	2
109007	3
109765	1
104732	2
108227	3
103231	3
109121	2
100981	1
106009	3
104265	3
103466	3
100895	1
107814	1
108123	2
102899	2
102212	1
109541	3
101945	1
109398	2
108230	2
109748	3
101707	1
101627	1
106772	1
104617	3
107667	3
109234	1
106904	1
109048	1
102623	3
108313	2
105620	1
101094	2
100860	2
107561	2
108322	2
108449	2
104897	2
103548	2
105245	1
108113	3
100379	3
101760	2
109299	3
107162	3
103435	2
106857	2
105994	2
105176	1
101446	2
104289	2
101464	2
100934	3
104827	3
109045	1
102130	2
100139	1
103384	1
103862	2
100563	2
102551	2
108626	2
105662	3
101837	3
100818	2
109458	3
109502	2
106984	1
105749	2
105951	2
104854	2
104558	2
100800	2
105411	1
103738	2
107893	1
107466	2
107018	3
103824	1
108483	1
104020	1
104608	2
107027	3
104080	1
100502	3
107671	2
100376	1
107999	2
107984	1
107468	3
106378	2
109469	3
103078	1
108564	3
103686	2
107322	1
102917	1
101021	1
108527	1
107352	3
100469	2
104564	2
103354	3
105172	3
101147	2
108402	1
102523	1
108498	1
101785	1
109850	2
100574	2
105973	1
102051	3
108599	2
108343	2
104690	1
102905	2
102966	3
103568	1
104050	1
109663	3
102094	2
101943	2
102387	2
101382	1
104814	1
103801	3
102771	3
104941	1
106834	2
106058	2
102988	2
108835	3
106849	3
108237	3
103033	3
104078	1
105780	3
104594	1
107691	1
104390	3
100391	1
107642	2
109069	3
103923	3
102328	2
104392	2
109034	3
101720	1
101192	2
105544	2
107709	3
106714	3
109138	2
109169	2
105143	1
100851	3
105753	1
102286	1
103273	2
106687	1
109206	3
108957	1
101693	3
107909	3
109243	1
109106	1
103347	2
108059	3
100328	3
104128	1
103076	2
108027	3
105014	1
105053	3
103996	1
102553	1
104657	3
102057	3
106154	3
102341	1
103382	1
101262	1
108459	1
107275	2
100745	3
103267	2
109982	1
107097	1
106307	1
103555	1
104035	1
100340	2
108026	3
100298	1
106585	1
102683	1
108670	1
100747	3
100287	1
102082	1
100283	1
105842	1
109716	2
101806	1
107849	1
100585	2
106481	3
103685	1
109897	1
105840	2
104633	3
101771	3
106045	1
101059	1
108754	1
106963	3
105643	1
101101	1
107507	1
101686	1
105498	2
100757	1
100761	3
103055	1
100518	2
102833	1
106780	2
108275	3
105661	1
109348	1
109022	3
103577	1
107623	2
101776	1
107723	2
109042	2
100969	2
100995	1
108171	3
105867	1
105685	2
109420	3
102923	3
102397	1
106876	1
103708	1
108205	1
105292	1
107427	2
100880	2
106440	2
107279	2
101212	1
104729	3
109794	2
101381	2
101718	1
102516	2
100430	1
107639	3
101525	3
107195	3
107105	1
106586	3
107041	3
105560	1
105583	1
102535	2
108762	2
101408	2
105609	1
105904	3
103845	1
105986	1
100374	2
106572	3
109090	2
103913	2
106196	1
103480	1
109423	1
100706	2
104008	2
105965	1
102392	3
105280	2
103950	1
106264	2
103810	1
102175	1
103340	3
109307	3
105664	2
103836	2
108385	3
102798	2
106271	2
101100	2
101320	3
104010	2
104454	3
109079	1
100923	2
105349	2
107419	2
105694	1
109173	1
105062	2
101691	1
108871	1
107695	1
100901	1
102032	3
103747	3
104866	1
109574	2
106281	2
105533	3
101017	1
108851	2
100015	2
103245	1
103731	2
106921	1
106443	1
102145	3
100613	3
108953	2
108039	1
100506	2
103688	1
107242	3
108018	3
106970	3
108773	1
109162	2
107068	1
107843	2
100933	1
103682	3
107766	1
101467	2
100005	2
109020	3
104389	3
104634	2
109214	3
106474	1
102752	2
106420	3
107020	2
102159	3
102666	1
104730	1
104856	1
107585	1
103306	2
109129	1
100425	3
104893	2
106324	2
107880	3
102643	3
103787	2
104820	2
109191	3
106331	1
101522	1
106905	1
108372	1
100035	3
104525	3
103341	3
102757	1
106912	2
109867	1
103608	3
105318	2
108521	3
107157	3
109562	1
109066	2
104800	2
101764	1
100532	2
103161	1
107081	2
104905	3
102848	3
109686	3
108932	3
104152	2
108940	2
102787	2
102554	1
103071	3
102758	2
102196	1
102227	3
103394	3
109926	1
108834	1
104283	1
109015	2
106739	1
108856	2
102557	3
100629	2
106814	2
105851	1
106996	1
101609	1
108723	1
109940	2
100367	2
109869	3
102690	1
108332	1
104064	1
100236	3
100600	3
100903	2
104773	1
106639	3
105700	2
106240	3
108076	2
108340	2
107420	2
102977	3
100403	3
108513	3
109267	3
109836	3
108167	1
104274	2
101934	2
108070	1
102982	1
109920	3
106494	1
109881	3
102447	2
100455	2
105838	1
102436	1
102036	1
102001	2
109903	2
109604	1
104725	1
103925	2
104852	3
106317	1
104249	1
103612	2
108781	1
109918	1
105297	1
107407	1
100318	2
105865	3
100828	1
109290	1
106675	2
100930	3
101890	1
100198	2
108415	2
101598	2
101095	1
104040	1
107678	2
103407	1
107005	1
104446	1
108869	1
105507	2
109084	1
103453	3
103396	1
103562	1
108698	3
102141	3
105474	2
100164	1
102124	1
108179	3
101474	1
108888	2
108775	1
109694	1
102738	2
101981	1
103949	2
101596	2
100193	3
105181	3
107775	1
103321	2
103405	2
108695	2
103081	2
109653	2
106611	1
109168	1
106658	1
106217	3
105476	1
103615	3
101937	3
107251	1
104877	3
100214	1
104746	2
101583	3
105789	3
107031	1
100756	2
106396	1
107291	1
108397	3
104028	1
104266	2
107082	2
107635	2
105379	3
101290	2
103127	3
106647	3
103550	3
108253	3
103683	1
104666	3
109108	1
105189	1
106017	1
102062	3
102075	1
101871	3
107336	2
104914	2
101142	1
108450	2
106446	3
108798	2
106087	3
104224	2
100490	3
100242	1
109272	1
101436	3
108783	3
104424	3
105384	1
105275	1
109249	1
106191	2
103042	3
102461	1
109396	2
101316	1
108043	3
102932	3
109486	2
104302	3
109013	3
103314	2
106792	3
104907	3
107508	1
109136	1
101348	2
107113	3
105413	2
104487	3
104687	2
108974	1
101870	1
109923	1
101293	1
105329	1
105073	1
108136	1
105007	2
104161	3
101990	3
105382	1
107863	2
107498	1
108595	1
103564	1
102134	3
102479	3
105804	2
108828	2
102404	3
106762	1
107602	1
100764	2
102259	3
109475	2
105036	1
101391	2
104138	2
108557	2
101543	1
102045	1
109988	3
102940	1
102480	1
100684	2
107710	3
105000	1
103613	3
100154	1
101524	1
103371	2
102424	2
109339	1
100555	3
100439	2
102098	3
102150	3
108480	2
104984	2
105027	2
109698	3
104819	3
103780	3
102922	3
101006	2
107555	1
104825	3
108913	1
109730	1
109948	3
102168	1
109962	1
102073	3
100604	2
108738	3
103316	3
101166	1
106273	1
107389	2
100685	1
100622	3
106286	2
102827	2
102223	1
105446	1
101782	1
101379	3
109846	3
101115	1
100461	2
107949	1
100419	3
101684	3
105296	2
100708	1
103864	2
101683	3
107379	3
103256	3
105104	2
104290	3
108003	2
100866	1
101117	1
109800	1
103934	3
101948	2
107104	2
102463	1
106516	3
109037	2
106885	3
106813	3
109244	3
101383	1
103863	3
100304	3
103199	3
109579	1
108771	2
100482	1
104309	3
101584	2
104051	1
109159	1
106635	1
100861	1
107637	1
102635	1
107929	3
104850	3
100836	1
100755	1
103364	1
106581	2
103666	2
100627	2
104433	3
102418	1
103274	1
103058	3
102891	1
102728	2
108052	1
105558	1
108764	2
104886	2
109341	3
100634	2
104641	2
103329	2
106505	1
108544	2
104241	1
104134	3
105597	3
101818	2
106615	2
108988	3
100567	3
102258	1
106333	3
109331	3
106749	1
100395	3
104014	1
101175	1
108694	3
108486	3
103755	1
106609	2
104175	3
103269	2
106298	1
107626	3
101465	3
102999	1
103982	3
108746	3
106610	2
101218	3
109374	1
104396	3
104630	1
108796	1
101155	3
104831	3
107428	1
103527	3
105091	3
106927	2
106461	1
106415	3
105763	1
104276	3
107545	3
102595	3
106136	2
107443	1
105612	3
100053	2
106765	3
100390	2
103469	1
105221	1
103583	2
101905	3
105884	2
102478	1
109198	2
109578	3
108259	2
108425	2
108649	1
103776	1
103524	1
108074	1
103997	3
102176	1
108091	1
108531	3
107934	2
100845	3
105421	1
103334	2
107673	3
107806	3
106790	3
102454	1
105701	1
104063	3
105272	3
103859	1
107788	2
107138	2
100884	1
106916	1
101544	1
108895	2
100608	1
103374	2
106549	2
102095	3
103984	1
104463	1
109711	1
102462	1
108277	2
101675	3
104734	2
109187	1
101925	3
104489	1
109894	1
105663	3
104911	1
107264	1
108889	1
108632	1
105762	1
103484	2
102800	1
105846	1
102791	1
103157	1
107779	1
107878	2
104904	3
107290	2
104490	3
105072	1
105295	3
107969	1
105990	3
108438	1
103102	2
107080	2
104784	2
107923	3
103622	2
102936	1
105595	3
106633	2
105001	2
107411	3
101496	3
102687	3
101773	1
105262	3
107463	2
105482	2
101640	2
109170	1
108274	1
102385	2
102610	3
105966	1
109584	1
100491	1
107659	2
107182	1
106177	3
100953	2
107101	1
105082	2
101947	1
108905	1
103628	1
102524	3
109446	1
106597	3
106232	2
100838	1
101796	3
102641	2
101997	1
105102	3
109033	2
103947	1
108966	1
107123	2
107548	1
109406	1
104297	1
103421	2
100370	2
104559	2
103775	1
101589	3
103021	1
105727	1
100906	3
104101	3
106689	1
106001	2
109402	3
102203	2
101089	2
105310	3
102244	1
100504	3
107474	1
102721	1
109175	1
100069	1
108490	2
102925	1
107313	3
107752	2
101201	3
107470	3
100690	3
109203	2
103220	1
107675	3
100996	1
100607	3
100373	3
107150	1
102173	2
106962	1
101929	1
102023	3
105590	2
106895	3
100274	2
105048	2
100337	2
109218	3
102172	1
108566	2
101751	2
109832	1
108203	1
109810	1
105704	1
104735	1
106844	2
103868	3
109647	3
100477	3
105293	3
108584	1
105355	3
105798	3
104255	2
100041	2
108528	1
106628	3
106848	3
108114	3
100182	1
106651	1
100573	3
105956	3
101545	3
100478	1
101305	1
101471	2
101252	3
109542	3
109409	2
100509	3
104352	2
106100	2
101431	1
103783	3
102083	1
109668	3
107246	3
104384	2
100029	2
102892	1
109050	1
105041	3
100269	2
108981	2
104243	3
103191	2
107180	3
107735	3
107783	3
104761	3
102782	2
105854	3
107503	1
100137	2
109747	1
106297	1
101674	1
109841	2
107864	2
100200	3
102577	2
102406	2
108152	1
101797	1
102726	1
107147	2
100176	1
104942	2
101497	1
107446	2
105211	3
107038	1
101883	1
101689	3
103460	3
103944	2
102547	2
105347	3
102898	3
106251	1
102350	3
101148	3
105564	2
107307	3
108573	2
109539	2
100537	3
108661	1
100589	1
102012	1
102718	1
101360	1
102160	1
106637	1
100460	2
102394	3
106815	1
109554	2
103227	1
102810	2
108941	3
100603	1
103967	1
103287	3
108376	2
103357	1
102209	3
105673	1
100814	1
109905	3
107285	2
105652	1
107202	2
100118	2
101733	3
105920	3
100124	1
103960	3
106320	1
105995	1
101287	2
107834	1
106138	3
107026	3
105444	3
101128	3
104932	1
103719	1
108423	1
105524	1
102457	3
102325	1
102489	1
108537	2
107797	3
106055	1
102204	2
105423	1
107353	1
106492	2
107071	2
101127	1
105069	3
104453	3
105961	2
101500	1
109464	3
100106	2
109373	3
105173	3
103946	1
109852	1
107257	2
106478	3
102187	1
103035	2
109417	2
104540	1
100599	3
108387	3
100076	3
108536	2
104036	2
102131	1
103898	3
100333	2
104226	2
103456	3
100206	3
108968	1
103759	1
102356	1
100808	3
105521	2
105168	3
104162	3
100090	1
108713	2
104596	3
102288	1
106662	1
108021	1
101433	1
106670	3
103507	3
103030	1
104447	3
108979	1
104738	1
109764	3
101458	2
108802	1
109262	1
107841	1
100057	3
100823	1
102163	2
100357	3
103945	1
104423	3
104548	1
102715	1
107440	3
102820	1
105412	2
105093	2
100359	1
102619	2
101064	3
103773	2
102607	1
104678	1
105462	2
101478	2
104888	1
105039	2
108406	2
102850	3
107482	2
100024	2
101080	2
105574	3
106934	3
105946	2
105587	3
108034	3
108105	3
105683	3
100570	1
109783	1
100552	3
105112	3
103338	1
101154	2
103302	3
101200	3
107078	3
105610	2
104774	2
100802	1
105520	3
105134	2
105156	2
107846	2
102475	1
101958	3
101862	1
101056	2
101759	2
100752	2
107755	3
102924	3
109521	1
106381	2
105504	2
100039	2
100951	2
100681	1
104034	2
107955	3
104507	1
108976	1
100829	2
104522	3
101282	1
106869	2
109812	1
109839	1
101927	2
105092	3
105451	2
100404	1
104065	1
107436	3
108906	3
104133	1
103539	1
101659	2
104203	1
108134	1
104227	1
108624	2
107535	2
106589	2
105028	1
105801	3
100464	3
106917	3
101007	2
100966	1
104916	1
103133	2
108692	3
101184	2
108710	3
103985	1
100203	2
109983	2
102171	1
108685	2
100366	1
105745	3
106515	2
108100	3
101526	3
106893	2
101520	1
108336	3
105060	3
103610	1
107346	3
109038	1
101889	1
104754	2
103758	2
109950	2
105723	2
108221	1
104511	1
105431	1
101242	3
106621	2
102261	1
108705	1
109094	1
101394	1
103813	1
104762	2
109356	3
108101	3
109451	1
104607	1
105649	3
108801	1
103537	2
102050	2
103620	2
101339	2
106340	3
105903	3
104477	3
104726	3
104659	1
104531	1
109142	3
104129	1
105050	1
108853	3
100886	2
107056	1
107265	2
108631	1
104160	1
104703	1
105490	1
108097	2
107002	1
109031	2
103208	1
107751	2
109242	2
108475	2
109430	2
101463	3
103951	2
105235	3
106436	2
104365	3
106465	3
104953	1
108565	1
102854	3
108849	1
102564	1
106248	1
108734	3
103327	3
107753	1
108186	1
109416	1
100541	1
104081	1
104378	2
102861	3
100151	3
103002	2
102272	1
101938	1
101331	2
101070	1
107131	3
102947	2
104231	1
103561	2
108200	1
109818	2
107302	2
105752	2
106735	1
106367	1
103882	3
106949	1
101939	3
105171	3
109575	2
101441	3
100128	2
108675	2
101610	1
107069	1
100873	1
108448	1
103146	1
109597	3
101897	1
107372	2
105795	2
105377	1
107971	3
105015	1
109457	1
108833	1
107133	1
101082	2
102140	2
109720	3
108877	2
105551	3
103791	1
104709	2
100169	3
103298	2
106826	2
103492	3
100596	2
107217	1
101987	2
105395	1
107500	1
101477	1
100956	2
107542	1
104832	3
106180	2
108538	2
106022	2
104900	3
101366	3
104004	3
101422	1
103709	3
106137	1
103657	2
108636	1
103388	3
106728	1
100158	2
107685	2
102179	2
107537	1
106473	1
107347	1
104965	2
107813	1
106352	1
108729	1
107051	1
106469	1
101386	3
103217	2
101572	1
102880	3
101839	1
101960	1
102894	2
103243	1
100474	1
101399	1
103441	1
109785	3
106989	1
108217	3
103443	1
105217	2
106003	1
108686	3
103052	1
109630	3
105992	3
103876	1
105464	3
109418	2
103961	3
109559	3
105397	1
109112	1
108937	1
103724	3
103011	3
106787	3
100575	3
109512	2
108666	2
103252	2
109675	1
107016	1
105869	3
103247	3
107944	1
105517	1
109782	1
101350	1
109956	1
100744	1
109979	3
105728	1
103517	3
105553	1
102211	1
100146	2
107634	2
107762	3
107940	2
104931	1
106825	3
106725	1
101864	2
107006	1
100231	1
109734	2
102432	2
105933	1
102544	3
108752	1
109008	2
102128	2
109680	1
100187	3
107663	3
105294	1
105805	2
103661	2
100936	1
101092	3
106582	3
106804	3
107237	2
104510	1
106519	2
100699	2
105391	1
106038	3
101739	3
100957	1
104602	3
106684	1
102269	2
104307	3
104372	1
103238	3
105889	2
106711	1
108699	1
100508	2
105374	1
106716	1
106091	1
102016	3
105038	1
108145	1
106500	3
106278	2
102983	2
101329	3
107337	1
107578	1
106542	2
109928	1
104538	2
105120	2
102789	1
106310	3
104147	1
108261	2
104751	3
109461	3
107240	1
102070	2
105409	2
106926	3
109057	2
109638	1
102897	1
108316	1
105034	1
101278	3
102814	2
101453	1
104569	3
102784	1
109837	3
108023	2
109924	2
106018	1
108331	3
102015	1
107079	1
105228	3
106284	1
107189	1
101476	1
105354	3
100134	2
102333	1
105021	1
108146	2
108462	1
106068	1
109294	1
108613	1
103048	3
104116	2
101013	1
109041	3
104121	1
106303	3
108758	2
108720	3
107332	1
109822	2
109613	1
100259	3
108615	1
108350	3
102871	1
104032	1
109953	1
100126	1
105849	3
109586	3
108019	1
104237	1
103536	2
101445	1
109435	1
102157	1
109044	3
103655	1
101051	3
104221	3
101010	2
104780	1
105954	3
108811	2
103803	1
106226	1
107617	2
108434	1
104315	1
100315	1
103106	1
100019	3
103275	1
102448	3
107452	3
103446	3
102342	1
103419	2
100064	2
104388	3
107994	1
108880	1
105978	3
108231	3
104806	3
106166	3
104611	2
104776	3
103351	1
107554	2
100467	2
108078	3
109706	3
106854	2
102405	2
109585	1
100108	1
106141	2
106809	3
104787	1
106066	1
103136	1
102860	2
105236	3
104747	2
108108	2
108825	2
106821	2
100854	1
100121	1
108740	1
106357	3
109906	1
104915	1
103969	3
104757	1
100499	1
109284	1
104353	3
109231	1
103333	2
106915	2
105208	1
106509	3
105577	2
101078	1
103998	1
101761	3
107989	3
101303	1
109089	3
108744	1
104171	1
106247	1
102627	2
109561	1
109968	3
103535	1
104875	1
109414	2
100170	1
109166	2
108575	3
106200	1
105371	2
100238	3
109157	2
101281	1
109640	3
101569	1
106596	3
107204	2
102581	3
103422	3
104374	3
105855	1
106525	3
102632	3
106269	2
106706	1
101321	2
109799	3
104835	3
107795	3
102270	3
109755	1
109021	1
106564	1
100941	2
105975	1
100177	2
103668	3
107662	2
108879	3
109895	2
105713	3
100768	3
107232	1
102674	1
102429	2
101289	3
107270	2
107713	2
102388	1
101713	1
102870	1
100889	2
107630	2
103770	2
100303	2
107490	1
101163	1
103358	1
105916	1
109227	1
106605	1
101823	2
108378	3
103014	2
101247	1
106501	2
107848	1
106789	3
106561	2
108210	2
104246	1
102884	2
102014	2
107493	3
100437	1
105127	1
104712	2
106952	2
100753	2
102662	3
105666	3
107398	2
106531	1
105405	1
106295	1
108451	3
102682	1
109590	3
106051	3
108472	3
104943	3
102702	2
100071	2
109460	1
109740	2
101146	3
100218	1
102146	2
108961	1
104782	2
101765	1
108202	1
108782	1
106476	2
108286	1
107954	2
109815	1
100970	1
105012	2
103353	1
104794	3
105812	2
101999	2
102096	1
106750	1
100001	2
100890	1
103437	3
109204	2
109872	2
101513	1
102271	3
105244	2
106692	1
107529	3
104439	3
105814	2
108107	3
104478	3
104701	3
100868	2
105105	2
108133	3
103458	3
107187	1
102669	2
100343	1
100319	2
102111	2
103301	2
107025	2
101642	3
103264	1
100716	1
102423	3
108464	2
108410	1
106843	1
107991	2
103279	2
109428	2
107867	1
106613	3
104631	1
101158	2
105124	2
109139	2
105674	3
100329	2
101211	1
104432	1
103994	3
100738	1
101486	3
107414	1
107235	1
103465	3
105634	1
106988	1
102605	1
108550	2
104000	2
107000	2
102253	3
106703	3
104260	2
109659	3
108197	2
102797	1
105084	2
104086	2
100735	1
104357	2
101886	3
106548	2
105678	1
106751	3
104505	1
102780	1
106369	3
105095	1
105258	3
109796	2
109394	1
106193	2
101337	1
101112	2
107143	1
100415	1
101891	3
100225	3
100483	1
109829	2
100440	2
102858	2
107732	1
107598	2
109565	1
109977	3
106642	1
100538	3
108933	2
103386	1
105844	1
107088	2
106404	3
100550	2
107734	1
102879	2
108042	2
100915	2
104005	2
109917	2
109879	3
109708	3
109551	2
106124	2
108520	1
109834	2
103090	2
108580	1
101700	1
104959	3
105977	2
108251	2
100997	3
106061	1
106406	2
107239	1
108656	2
108761	3
106565	2
100788	2
107655	1
101715	2
104680	3
108887	3
101234	1
103322	1
102337	3
108629	2
103094	2
107858	2
100241	3
106779	3
102835	3
108407	2
105088	2
103772	2
102127	2
101145	3
107918	2
102308	3
109274	1
101459	1
103892	3
101592	2
108216	1
103706	1
105020	1
104812	1
107712	2
103519	1
104861	1
107853	1
104504	1
102139	3
108327	3
102518	3
102576	3
107361	3
109258	1
104498	1
107786	2
107386	2
100551	1
103980	2
108930	1
101577	2
108843	1
108129	3
100664	1
105290	3
107278	2
104938	3
104109	2
107090	2
102885	3
108040	1
102888	1
102889	3
104073	3
107924	1
101579	1
100486	2
108158	2
103026	2
102393	3
105484	3
103138	1
103118	3
104988	1
107957	2
101912	3
100156	1
104213	3
104696	1
106283	3
109327	2
103700	1
105720	3
100525	3
106450	3
103796	1
101454	3
100212	1
108560	3
108980	1
107480	2
108271	1
105352	1
105832	2
104092	1
102745	2
106004	2
104093	2
103931	3
104167	2
108485	2
106907	3
109750	1
102402	2
102735	2
108048	1
108386	3
105790	1
104332	3
102005	2
104044	3
102573	2
100979	1
106103	2
109784	1
109856	3
104443	2
104727	3
106851	3
107326	3
100352	3
105758	3
107982	1
100109	3
108463	3
101219	2
105566	3
100171	2
104741	3
105538	1
107883	3
107687	2
107327	2
109582	2
100919	1
104159	1
108174	2
108381	2
105301	1
100524	2
102876	2
102071	3
108803	2
103218	3
100912	1
109320	3
102615	1
101022	3
100022	1
103579	2
108213	3
103297	3
109254	1
105443	3
107656	3
104016	3
102114	2
106575	3
101031	1
101512	2
101611	1
101885	3
101501	1
103899	2
103975	2
108799	2
104415	1
104670	1
101858	3
105058	3
108924	3
103729	3
108501	3
105987	2
103815	1
108083	2
105407	1
106629	3
100515	1
104582	3
100284	1
102164	3
106842	2
107127	3
104547	1
106173	1
102746	1
107485	1
105937	3
106334	2
102456	1
108001	2
109617	2
106272	1
109210	3
103856	3
100123	2
100320	3
106622	2
105606	3
109269	3
107741	1
101251	1
104002	2
105926	2
104545	1
107774	3
102158	1
105511	3
106423	3
103812	3
106884	3
109281	2
104535	2
101530	3
106097	3
104395	3
104912	1
103406	1
109773	3
109433	3
101961	1
103730	1
108335	3
109710	1
100017	1
103426	3
100789	2
100368	3
100594	2
108719	1
108596	1
106840	1
101063	3
100612	1
109415	1
102993	3
108972	1
100858	3
109864	3
101741	1
107165	2
107632	1
102494	2
103624	2
103412	2
106625	3
104792	2
102723	1
106292	2
103848	1
108973	2
101701	1
100327	2
101084	3
105465	1
102142	2
106482	2
107159	3
109880	1
102658	3
101030	2
104772	3
106700	1
108496	3
107809	2
105774	2
103904	3
103544	1
109449	1
105571	1
109679	2
104180	3
107582	1
104263	1
108284	2
103602	1
109312	3
101802	1
100598	2
107471	1
104927	3
109085	3
100246	1
102260	1
107694	1
106256	1
104403	2
106176	1
107859	1
106139	3
105568	3
107808	2
106536	2
109697	2
109287	1
103601	3
104418	2
105140	3
104551	2
109700	1
102558	3
101328	3
106709	2
106951	1
108014	1
103177	1
106065	1
108347	3
104406	1
104356	1
106341	2
106347	3
101073	1
109125	1
102382	1
101986	3
106894	1
100413	3
101622	1
108669	2
107833	1
105726	2
105263	1
102317	2
104643	2
105788	3
100587	3
108822	1
101085	3
103972	3
109001	3
107679	2
100122	3
105647	1
103846	2
106935	1
109896	3
104015	3
109615	3
102133	1
106245	3
103941	1
109688	1
102089	1
106636	1
106860	1
105033	2
106693	1
109319	2
104967	1
106049	1
100837	1
104145	1
100787	3
104481	1
105439	3
102273	2
107155	3
109722	2
107469	2
104177	1
103305	1
104075	3
106535	3
109350	3
109662	1
103952	3
108516	2
102957	1
105567	1
106242	2
104195	2
106048	2
107231	3
103365	3
107124	1
106760	1
108160	1
106291	1
108585	3
108645	3
102711	1
108198	2
107765	1
109997	1
109814	3
108883	1
101669	1
106169	1
107364	2
102202	3
108612	3
107219	1
101488	1
100790	1
100209	1
107094	2
107408	2
109646	1
100003	1
101060	1
101389	3
101605	3
104049	3
102233	1
107981	3
107426	2
101480	1
105367	1
108360	1
103069	2
103169	1
104245	1
106577	1
109741	3
105317	3
106870	3
105415	2
101313	3
109207	1
102729	2
104414	1
109070	1
108893	1
101179	1
107014	1
100606	2
108815	1
101923	1
107430	2
108121	1
109989	1
100084	2
108122	3
101745	1
108765	1
103206	1
107546	2
103582	1
106300	3
106995	1
101045	1
105513	1
101725	1
100162	3
102154	1
105601	2
104096	1
100479	2
106485	1
109200	3
100431	2
105608	1
107577	3
103082	3
105623	3
107457	2
106508	2
106359	1
106346	1
107044	3
103077	2
100199	3
109971	2
102830	2
100355	1
105556	1
106158	1
105268	3
109385	2
105637	3
106335	3
104252	3
108081	2
101863	3
100513	2
107173	3
109172	3
105042	2
103116	1
105471	2
107550	1
104482	2
103080	3
104964	2
102561	3
102251	1
102893	3
104082	1
106077	1
101834	3
107092	1
109361	1
108164	3
106698	3
104430	2
107907	1
100444	3
105380	2
104024	1
107683	1
103939	1
107362	1
101182	3
107708	3
104085	1
100862	1
101314	2
103890	1
104625	2
102428	1
102918	2
108086	1
101514	2
106513	1
104881	3
107492	2
102756	3
104474	1
109673	1
107936	2
103675	1
109251	2
106828	2
103820	3
109545	2
106164	1
101977	3
100882	3
105799	3
102022	1
101270	1
109506	3
104620	2
100649	1
106241	1
109911	2
103356	1
105078	2
100095	3
106981	2
109102	1
103788	2
103013	1
104331	2
106588	1
108421	2
100894	2
106028	3
103986	1
105241	3
102934	2
106452	3
101268	3
107926	3
104891	1
101900	2
103750	1
105803	1
109133	3
101805	1
103884	1
105447	1
105083	1
103850	3
109477	3
107435	2
106457	3
100853	3
109135	1
105621	1
109053	2
107441	2
102180	3
109256	3
103178	3
102519	1
107876	2
102948	3
108182	2
106806	2
100771	3
102652	1
101225	2
103857	3
107139	2
109763	2
105605	1
106132	1
101564	2
103781	3
105706	1
107305	2
105818	2
102206	1
105198	2
101020	2
104873	1
107586	3
100378	3
101803	1
105218	1
101869	2
105886	1
108329	2
109301	1
107001	1
100942	3
108492	3
104363	3
101809	1
107066	3
108111	2
100185	1
101074	1
106832	2
106306	1
101189	1
105672	2
109245	3
103989	1
101199	3
105030	2
103886	2
100028	2
100292	1
104104	2
107980	1
108524	1
103003	1
107967	1
103027	3
102465	1
104758	1
101612	3
102487	3
106521	3
107201	2
108303	1
107483	3
105303	1
106490	2
104256	3
109334	1
104567	1
109487	1
102724	3
102184	1
108054	3
108362	1
107594	1
103237	2
103488	1
101352	1
107030	1
100056	1
104639	2
100104	2
103319	3
108393	3
104962	2
106110	2
103087	3
101586	1
103693	1
103303	1
106555	1
102802	2
106151	1
105152	2
101709	1
108949	3
108354	1
108103	1
105741	3
109654	3
104872	2
100385	1
107998	3
102289	2
108813	1
101968	1
100150	3
106288	3
104586	1
103879	3
100832	3
106705	3
108592	2
102838	1
109384	1
108847	3
109224	3
109025	3
108324	1
106717	1
104885	1
102754	2
108865	2
109797	2
103168	2
109211	1
108862	3
106328	3
107103	1
101654	1
102485	2
106708	1
109715	3
105251	3
107102	3
101221	2
102144	3
108007	1
101050	3
107975	3
106822	3
104436	3
102792	1
102903	2
105885	2
109110	1
103438	3
104612	3
105257	3
107660	2
109456	1
103194	2
109985	1
108854	1
108977	1
103216	1
102955	3
109154	1
103638	1
106911	3
100127	3
105782	3
108774	3
104674	3
106811	2
109233	3
106374	2
103134	2
103765	1
104987	2
101392	3
106095	2
102995	1
104740	3
108665	1
104810	2
105108	1
100578	1
108032	2
107547	3
100702	1
101415	2
109786	3
104865	3
103016	3
106778	2
104910	3
109002	1
107607	3
108367	3
103475	1
104053	3
102197	3
109738	3
107062	1
104124	1
100282	2
109704	2
107523	3
107919	1
102769	3
106385	2
100921	2
107851	2
102427	2
103324	1
106770	1
107519	1
101271	2
100872	1
100216	3
106786	3
104509	1
100457	1
104158	2
109634	3
103580	3
101275	1
109265	3
105695	2
102530	1
109601	3
105281	1
102327	2
101515	2
105209	1
102694	3
107259	1
101511	1
106685	1
106209	2
107013	3
102664	1
108302	1
103205	3
106888	2
107439	1
109099	1
106397	2
102976	1
100905	2
100991	2
109387	3
101149	1
101374	1
100227	3
108250	3
106766	1
101800	1
108431	2
105291	1
109180	2
109621	1
100712	1
109761	1
102166	3
107181	2
108556	2
106947	3
108702	1
105901	3
108017	3
101393	2
106131	1
105688	1
106653	2
109259	2
100052	1
108035	2
101650	1
101903	3
100278	1
105454	1
102300	3
101318	2
109656	3
107591	2
100061	2
105579	1
103959	3
105255	2
107837	3
102770	1
104131	3
104123	1
103491	2
106798	3
105691	2
100704	2
100405	1
100258	1
106285	3
104842	2
101397	1
101196	3
101602	2
101638	1
108623	2
101763	3
105065	3
108104	1
103299	3
105273	1
104530	1
107496	1
106643	3
103698	1
105129	1
105299	2
102580	3
100583	1
104135	3
101670	1
108546	2
109183	2
101996	1
100175	2
106259	1
108030	3
106545	1
100229	1
102267	2
100812	3
109216	2
100820	2
105239	1
108860	1
104985	1
101921	1
107573	1
102785	1
106060	2
108344	3
102377	2
101295	3
103375	1
104140	2
109436	1
109596	1
101594	1
105935	2
102066	2
100569	2
108095	1
102696	1
103795	1
101255	2
103979	3
102161	2
108371	2
108215	1
100266	2
108139	1
101309	2
103658	1
102846	2
103676	2
105099	2
100971	2
103152	3
103887	2
100505	2
104882	3
103592	1
103798	1
108495	2
105875	3
103476	2
100082	2
100414	2
108176	2
103926	1
105213	1
102282	1
104744	2
100846	3
100360	3
104624	1
106510	3
107309	3
102510	1
108002	3
105928	1
106891	1
107682	1
106092	1
105240	1
104250	3
103112	2
108211	3
104311	2
101373	3
103723	2
104948	1
101956	1
100253	1
103714	2
107258	1
102435	3
109363	1
107952	1
104284	2
108389	1
107780	2
106590	2
104387	1
104583	1
106695	2
105368	3
106468	2
105717	1
105079	3
101153	2
102293	1
107672	1
105811	2
103180	1
100233	2
106268	1
107505	3
107703	3
101372	1
107728	3
109580	2
103769	2
102451	3
109292	2
100609	3
107294	1
109921	1
106107	1
101311	3
100172	3
106430	3
109759	1
108025	2
103751	1
105130	3
104495	3
106383	3
102801	1
103101	1
108547	1
105692	2
106922	1
101177	3
106909	1
104285	1
102200	2
107916	3
109667	3
104119	1
107764	2
109757	2
109314	3
109482	2
106113	1
101326	3
109666	2
105835	1
103404	1
109343	1
104926	2
100785	1
101814	3
102257	1
101077	2
105739	1
100548	1
105312	1
107610	3
100136	2
107684	1
107085	2
100913	2
107250	1
101723	1
109595	2
109335	2
104785	2
102938	1
106855	3
108555	1
109011	1
101667	3
107331	1
106841	2
101229	3
107077	3
109671	2
105343	2
101516	1
101016	3
105915	1
102837	3
100867	2
102896	1
102631	2
109913	1
109081	2
101151	3
105873	3
102399	3
109472	1
103149	1
102546	2
105642	1
104168	1
103981	2
106865	3
100817	1
107739	1
101298	3
107805	3
106312	2
103760	2
107083	1
107132	3
102808	2
100408	1
107484	3
109844	3
105466	3
110000	2
107705	2
108682	2
102310	2
103877	1
105655	1
100026	2
107881	1
104375	1
103098	3
101412	3
100694	3
106187	1
102570	1
109866	3
102156	1
103703	1
105974	2
104350	3
105582	3
105320	3
100584	2
102675	2
103337	3
106302	1
100058	2
101307	3
104748	3
102566	2
104783	2
105195	3
103814	3
100234	2
104745	2
108844	3
109255	1
100021	3
109215	3
108677	2
102843	1
106645	1
105591	1
107552	1
100032	2
103736	1
109501	1
107003	1
108476	1
106214	2
105815	2
107032	3
103137	2
107690	1
108607	1
104409	2
103481	1
109223	3
103737	1
105646	2
106194	2
104393	1
108150	2
107061	1
102705	1
101507	1
107796	1
107904	3
102466	2
107869	2
101916	3
101829	1
101067	2
104526	1
109225	1
108994	3
105594	2
105017	3
103752	3
108543	2
105735	1
104635	2
101729	1
104383	3
104778	3
103165	3
106752	2
102191	3
101952	2
104056	3
101347	3
105816	1
107645	1
101140	3
109393	2
107380	2
101357	3
108308	2
100040	2
105047	1
100500	1
102266	2
103073	1
101842	1
109862	2
107009	3
104869	2
104728	1
109156	2
101653	1
104013	1
108507	1
103317	3
104971	3
101093	3
105166	1
100091	2
105381	2
103241	1
100644	1
103819	3
106373	3
101587	1
104178	3
104011	1
105114	3
106660	2
106899	1
102283	1
108157	1
109854	1
106836	2
104500	2
102895	3
106149	3
103826	2
106178	1
104069	3
107823	3
100770	3
103430	2
100900	1
105402	1
109555	1
103956	1
102396	1
109076	2
104316	3
107306	1
103701	2
106074	3
102505	1
106184	2
106495	1
109560	1
107799	1
106274	1
106578	2
108885	2
103844	3
101833	1
102943	1
100338	1
103050	1
100678	1
103667	1
101716	2
100070	2
102766	3
107627	1
103767	1
109877	1
104892	2
100501	1
103414	1
105248	1
104626	3
105164	2
101922	2
100260	3
102002	1
109611	1
103587	1
107802	3
106371	1
102639	1
102299	3
106928	2
101918	1
107974	2
107365	1
105115	1
100577	2
104940	3
107153	1
109240	2
109370	3
109462	2
108295	1
101253	1
107563	2
108691	2
102326	1
106322	1
103009	3
105212	2
109100	1
109589	1
101808	1
100597	3
108255	3
109608	2
104258	2
100086	1
108282	2
107992	1
108870	3
101734	1
103746	3
109097	1
104305	2
108062	1
100687	1
109075	2
103143	1
105715	1
108487	3
101208	1
106026	2
102407	3
105527	2
102460	2
109285	1
101844	1
105751	2
108190	2
103182	2
105510	3
108285	1
105010	2
100037	1
103523	1
100883	3
108850	1
106835	1
108339	1
106759	2
104621	1
101037	2
104655	1
101591	2
107432	1
108041	1
109724	3
102311	3
103189	1
107987	1
103174	1
101479	3
103800	1
100661	1
106034	2
108766	3
105037	1
103167	2
107567	1
108229	1
104691	1
102355	2
109188	1
104860	3
102727	2
101106	1
100458	3
102956	2
108120	1
106118	3
109719	1
102958	1
109455	2
107221	3
100985	3
109378	1
105122	2
102725	3
102760	1
103538	2
100646	3
107935	2
106592	1
109649	3
100581	1
107176	2
101349	1
108619	3
104781	3
103105	1
108351	1
101403	2
104486	1
103516	1
103645	1
106015	2
103924	1
105252	3
107054	3
102856	2
109496	2
108963	3
100986	1
109643	2
102068	2
109386	2
101540	2
109546	1
102386	2
109119	1
108620	3
102336	2
107506	1
101264	1
104685	1
108435	3
107175	1
106198	2
109725	3
105619	1
104219	1
100075	2
102148	1
103753	1
102240	3
100526	3
106012	1
107993	2
102762	1
101402	1
107170	2
104536	2
109298	2
102339	3
108858	1
105269	1
109049	2
106767	1
102847	2
102921	2
105542	2
101285	3
109352	3
100406	1
108918	1
109746	1
105135	3
109481	3
107137	3
102312	1
101702	1
106090	3
102913	2
108506	1
101542	3
108594	2
102883	3
109479	2
108219	1
106663	3
102587	1
106889	2
100244	2
108349	1
102945	1
109674	2
107871	1
107415	2
107583	1
106025	2
102298	1
107269	1
106538	3
107108	1
106808	3
108708	2
100312	1
109526	3
107196	3
109137	2
106753	2
109993	1
104025	1
100271	3
102364	1
102063	3
103156	3
105207	3
105285	1
104791	2
100559	2
102357	3
106243	3
105167	1
101931	2
105834	1
107961	3
100268	1
105286	1
104225	3
109308	2
104541	1
104917	3
108187	3
107768	2
101232	3
102722	3
104068	2
104067	2
109425	1
103311	2
106449	1
102361	3
108346	1
100144	2
109237	2
108518	2
101410	3
104154	1
108291	1
100849	1
100799	1
108404	2
102390	3
109442	2
105996	1
108583	3
100074	3
104118	1
103499	2
101830	2
101214	2
101047	2
108891	1
106745	3
106041	2
100393	1
105989	2
109728	1
109286	1
100988	2
108724	1
105629	3
100311	1
102661	3
102228	1
101644	3
102153	3
102297	3
108789	2
104296	3
105525	3
107216	1
107197	3
109749	1
107882	3
100920	1
101057	2
100050	3
105468	1
102295	1
104537	1
105113	1
102195	1
106547	1
100306	3
107942	1
103593	1
103141	1
107894	1
102875	1
100239	2
109858	2
109000	2
105311	1
105925	1
101643	3
106442	1
107456	1
103543	1
101998	1
107539	1
102439	1
105731	2
106570	1
106755	1
101787	2
100178	1
102217	3
100852	3
104278	1
107658	1
103971	3
106263	3
107839	1
101126	1
107875	1
102018	1
102121	1
109359	1
108301	3
101541	2
101505	2
108226	1
102730	3
109358	1
108056	1
102857	1
109665	2
106129	1
100657	1
106261	3
108601	1
108540	3
105159	1
102303	2
105736	1
100503	1
101400	3
100662	1
103195	1
103603	3
101245	3
101258	1
107354	1
103784	2
102185	1
102483	2
103332	1
105617	1
100470	2
100481	3
108907	1
109194	3
101786	1
105390	1
105473	1
102818	3
104097	1
109017	3
105138	2
109111	2
100533	2
101472	3
104675	1
100928	2
103292	3
106392	2
106699	3
105455	1
109196	3
104506	1
105772	2
105353	1
102795	3
108898	3
107724	3
100498	3
105914	2
101277	1
103790	3
106313	3
101240	1
103872	1
101847	2
107487	3
102823	2
103677	3
109885	3
109729	1
103566	1
104306	1
100682	1
102672	1
105667	3
109051	3
103068	3
109825	2
109465	2
104824	1
107928	1
103355	1
102167	2
107596	2
107229	2
103272	2
107248	3
102208	2
106130	1
100192	3
109317	2
108999	1
106309	2
105894	3
107628	1
102006	2
104261	3
101121	2
102362	1
102383	1
105243	1
104317	3
102629	1
106803	1
104585	2
104039	2
106969	2
109690	3
100107	2
102877	2
107504	2
109811	1
107206	2
100062	3
104416	3
106672	1
108780	2
101746	1
103376	3
103871	3
104110	2
101743	2
104467	1
102218	3
109009	3
107902	3
107525	3
101712	2
105226	3
106400	1
103740	1
105822	1
103771	2
103560	2
108628	1
102939	1
103181	2
101367	3
104281	2
104248	3
107406	3
100291	3
106296	1
109140	1
106595	3
101664	2
101679	3
109005	2
108971	2
100972	1
107345	2
105633	3
102985	3
103349	1
106099	2
105892	2
104187	2
109293	2
105103	3
100810	3
103953	2
107286	2
105823	1
102155	1
101428	3
105771	2
102543	2
105785	3
108262	3
101970	2
107615	2
103570	1
103086	2
106323	2
102210	3
105188	2
103390	3
109789	1
108604	3
103782	3
101130	1
104343	2
109109	2
109329	2
100441	3
109769	3
104048	3
101551	2
101423	3
103270	3
107531	2
104969	2
106330	3
103557	1
102076	3
106681	2
105699	2
104112	1
104853	2
100018	3
105187	2
104918	1
106616	1
109324	3
101484	2
106168	1
102255	2
106900	1
108071	1
100202	3
102080	3
107225	1
109357	3
105338	1
107376	2
107184	1
108788	3
107208	2
100317	3
103589	3
100382	3
103991	2
107344	2
109205	2
109155	2
105900	2
106258	3
108948	3
105137	1
105824	3
101499	3
107558	3
100675	3
101832	1
107746	1
105111	3
100543	3
108965	2
102060	3
105242	1
105970	3
105503	1
100400	1
108500	2
106072	1
107528	1
102484	3
103825	2
101668	1
101202	2
106479	1
108535	3
102058	2
106721	1
103489	2
107057	2
101137	3
107524	2
101223	2
101371	3
101560	1
102205	1
109530	3
102359	1
101949	3
103873	2
107177	1
104291	1
103727	1
107008	2
107534	2
108727	2
100102	1
102374	1
103559	2
106654	3
108529	3
103085	2
100224	2
103233	3
108148	2
102788	1
109438	2
100153	1
103534	2
100232	3
107072	3
104027	2
106882	2
104399	1
109840	2
108769	1
109201	1
105224	1
104379	1
108374	2
106148	1
103902	2
107324	1
107037	1
109010	2
104006	3
104756	2
105210	2
108184	3
109792	3
106902	3
100354	3
105136	2
100007	2
108577	2
108741	3
107122	2
101517	2
105820	1
101083	3
105778	1
102188	3
105440	2
106579	1
108737	3
109369	3
101841	1
104001	3
106919	2
101561	1
105478	2
104099	1
108330	3
106458	3
105019	1
109827	1
100442	2
104980	1
105522	2
104269	1
105327	2
102213	1
108978	1
100046	2
101770	1
108175	2
104660	1
105714	2
102284	3
109485	3
104658	3
101385	3
100855	1
104185	1
101452	3
104102	3
109366	1
100826	3
103119	1
101680	3
106431	1
106719	2
102193	1
104341	2
108867	2
103154	2
105947	3
100362	1
102645	1
109283	2
102647	3
101198	3
107810	1
109678	3
102961	3
101061	2
105618	2
106162	3
104488	1
106143	3
105222	2
101608	1
106078	3
109101	2
109583	1
107192	2
104058	1
102492	2
105400	3
109742	3
104667	2
101850	2
108037	2
100207	3
102220	3
103831	1
104532	3
100424	1
108593	2
101857	2
102733	3
107677	3
100965	2
101269	2
109202	1
108637	1
102031	2
102764	3
105519	2
106127	2
101975	2
106020	2
105543	3
109388	1
105696	1
106083	3
107913	1
104496	3
104055	1
107112	2
107222	2
101260	1
105641	1
102249	2
108914	3
109535	3
103462	3
105479	1
106123	1
103917	1
104715	2
103643	1
108055	2
106119	3
102367	2
105958	2
109522	1
108712	3
108046	2
101838	2
104091	3
108382	1
102358	3
109874	1
103300	1
109529	3
100420	3
108289	3
108309	3
103520	2
103576	1
102174	1
106342	1
102049	3
103005	3
103900	2
108478	3
103832	2
105599	1
102007	2
101087	2
105836	1
102149	1
101656	3
109132	3
109160	3
108053	1
109569	2
102417	2
103385	2
102539	2
100251	1
102504	3
102571	2
101951	2
102085	2
104026	2
105049	2
106409	2
101244	3
107371	1
101632	1
100063	2
101109	3
106032	3
101119	1
103678	1
107281	1
107292	3
104191	3
103186	1
108742	1
106742	2
108061	3
109899	1
100115	1
108384	3
108714	3
102190	1
102365	1
107255	1
109908	1
108109	2
104951	2
103020	1
106871	2
100848	2
104803	1
101181	3
108004	1
108254	1
102376	1
109527	3
109337	2
101450	1
105163	3
109399	2
106627	2
103532	2
101895	2
109364	3
105392	1
100842	3
109145	1
104084	3
101414	1
107778	3
107540	1
107629	2
106931	3
102689	3
102765	1
100697	1
106134	1
104584	3
104970	2
104090	1
108390	1
106428	1
101058	2
102545	1
108106	1
105998	1
109427	3
104716	2
101980	3
103276	2
101014	2
106797	1
109779	3
108609	1
104455	2
105755	3
103687	3
102597	3
102567	1
100530	3
101682	2
104215	1
109208	1
101425	1
107121	1
100309	1
104562	3
107587	3
105847	1
104879	3
108156	2
105144	3
103064	1
103472	1
104148	2
100850	3
106321	3
105604	2
106845	3
103470	3
104361	3
100174	1
100173	3
103074	2
104426	2
103187	3
102824	1
104313	2
101721	2
104724	3
108144	3
109803	1
107254	2
100305	1
106701	2
102116	1
105982	3
100336	3
105821	1
106523	3
101794	3
101811	2
102290	2
104189	2
104491	3
108047	3
103128	3
108837	2
105469	1
104902	3
106351	1
104805	1
109743	2
102979	1
105593	1
106783	3
109147	3
101333	1
106043	2
105984	1
101815	1
107767	2
102528	1
109964	1
108574	2
106337	3
100211	3
105766	1
105006	1
101875	2
101079	2
107873	3
103908	3
101485	3
106147	3
108314	1
101099	1
100179	3
107737	1
106491	1
103533	2
105575	2
102329	2
102648	1
102596	2
106546	1
108218	2
102056	1
104038	3
102942	3
105259	3
103607	1
106601	1
104518	1
104818	3
101205	3
104949	3
108997	1
107497	1
105636	2
100955	3
106497	3
101090	3
107203	1
109721	3
102650	1
109315	2
109437	1
109096	1
106422	3
100558	3
106816	3
102790	1
108380	2
109695	2
108469	1
107541	2
101195	3
108892	1
105746	3
101462	2
102486	1
105596	1
109970	1
103702	2
103636	3
100163	3
100864	1
109816	3
104790	2
101405	1
109849	1
100730	3
104228	1
103291	1
103198	1
100342	1
101180	2
101920	2
105109	1
100960	3
106318	3
104807	1
108447	1
108028	1
107076	3
102305	1
103647	2
108128	1
107917	3
106943	3
103228	3
104054	3
103487	1
100514	3
107826	3
104944	1
102586	1
106395	3
104613	3
109303	1
103973	1
105101	3
105690	1
105501	2
107884	3
102887	3
104114	1
109026	2
101635	2
106903	1
103471	3
101300	3
101152	1
109957	1
105654	1
103933	1
103586	1
102815	3
102222	1
104935	3
101231	3
107784	2
103652	2
105283	3
104789	1
104061	3
106704	3
106364	3
100619	1
108177	2
102676	3
103315	2
107149	1
100183	2
106818	3
109845	2
105456	3
104566	2
104137	2
108204	3
103104	3
109959	1
106355	1
100519	1
108603	2
102836	1
108212	1
106019	1
108986	3
102246	3
104768	2
106897	3
103964	1
108760	1
104023	1
105757	2
108970	2
103022	1
108093	2
103442	3
100549	3
107559	3
107050	3
106096	3
106463	3
101959	1
102408	1
105759	1
102138	1
102183	3
104380	2
101018	1
107095	1
100654	3
104267	3
102731	2
107174	2
101538	2
109072	2
103669	1
104037	2
104664	1
100794	2
103304	1
102914	3
106453	3
107467	1
103159	3
107476	3
109807	1
100463	2
109213	1
108049	3
100402	1
105584	3
107699	1
103244	3
104030	3
109483	3
107489	2
108016	3
102691	3
104230	1
108399	1
108793	3
105734	2
100073	3
105201	1
108759	1
108753	1
101637	3
100446	1
102026	2
108706	2
102916	2
107599	2
103486	1
103140	3
108153	1
106574	1
100940	2
108795	2
108494	2
104528	3
101859	1
100528	1
109692	3
106234	2
103107	3
109618	2
101737	3
107049	2
107366	1
106810	3
107914	3
106655	2
104172	1
103403	2
102841	3
105546	2
100350	1
101633	2
101494	1
100310	1
105307	3
108606	1
102967	1
108571	3
104501	2
100968	2
103549	1
107829	3
109731	3
109296	2
108363	3
105325	3
108648	2
109777	3
106713	3
105750	1
107915	1
104445	1
102189	1
108163	1
104549	3
104186	1
101502	1
105506	1
105747	3
106957	2
101607	1
107661	1
104982	1
102548	1
100045	2
103506	2
108900	2
102717	3
103089	1
109342	2
105697	2
100672	2
107653	3
106459	3
105779	2
107226	3
108361	1
105304	3
105562	2
102660	2
103504	2
100423	3
102444	1
102101	2
102845	1
103012	3
100926	2
109610	2
102252	3
107333	2
106188	1
102470	1
106936	2
109080	1
102525	1
106377	2
105557	1
107794	3
106528	3
101226	1
100428	3
100801	2
108878	2
103514	3
105426	3
107042	2
100264	2
107340	1
103053	2
100012	1
104279	2
108365	2
103215	2
105215	3
107012	2
104836	2
105887	3
109452	3
102698	3
108523	3
102306	1
108089	1
109276	1
109392	1
104201	2
100876	3
101595	3
106748	2
101429	1
101421	1
105861	3
109986	3
101983	1
102819	1
100110	2
102685	2
105450	1
108589	1
106280	2
104553	3
108991	3
108299	2
100196	1
106527	3
104750	1
100353	1
100263	1
102472	3
101580	1
107551	3
104975	1
107060	1
106098	1
109071	3
103937	3
103689	1
102620	1
105565	3
108512	2
102744	3
108214	2
101976	1
108687	2
107227	1
105809	1
101846	1
101685	2
103253	3
106994	3
107388	2
106868	3
109658	3
103648	3
105910	3
101518	2
108945	3
105941	1
101190	1
100055	2
107007	1
100044	3
102437	2
102038	1
104458	2
105256	1
105151	3
108268	1
107860	2
101256	3
107891	1
105070	3
100546	3
103248	2
101194	3
102679	1
106773	1
102379	1
104752	1
103726	2
106975	1
102021	1
109758	2
103641	2
106938	3
100459	3
107592	3
108079	2
103625	1
104903	1
109349	1
101676	1
104094	1
109421	3
103838	1
108808	1
104887	3
101731	2
107657	1
103257	1
109709	1
100409	1
104844	3
105364	2
103829	2
104804	3
100197	1
106997	3
105740	2
108809	1
107486	1
106853	1
104955	3
106667	1
100950	1
109055	3
101165	1
100396	2
106846	3
108288	1
105342	2
108020	3
109826	3
100398	1
105404	3
109531	3
109375	1
100816	3
100372	3
108984	2
100725	2
100999	2
109088	1
106174	2
104543	1
102869	1
106734	1
101069	3
101852	2
107937	3
100990	3
100221	1
106898	2
108236	3
102904	3
102043	2
109795	1
107865	1
103139	1
103044	1
105943	2
106764	3
102398	2
105096	2
102618	3
103031	3
108265	1
101071	2
107409	2
107932	2
100138	1
106573	2
100030	1
105929	1
104428	2
105376	2
105555	1
108278	2
102513	2
101238	2
109107	1
109951	2
106109	1
101894	3
101730	1
109900	1
109489	3
109114	2
108668	2
102563	1
101872	2
109714	2
100219	1
108874	2
106862	2
104240	2
103163	1
104868	3
104821	1
108600	1
109963	2
101957	1
109739	1
101692	1
107395	1
101026	1
103725	3
102706	1
107908	2
101703	2
103644	1
107243	3
106955	2
107034	3
101072	3
105919	1
104071	3
107647	2
103285	2
106030	3
101114	2
101228	2
100618	2
100974	2
109603	3
105339	2
106042	3
104644	3
105068	1
100480	3
102381	3
105219	1
100334	3
107448	3
106402	1
104742	2
109591	1
101873	1
105126	2
103574	2
101780	2
101279	3
100652	3
103410	3
102964	2
103239	1
106167	2
100468	3
109463	1
106454	1
108006	1
103673	3
103343	1
101717	2
104777	3
103659	1
107449	3
107128	1
105500	1
106311	3
101735	2
107706	1
103072	2
108357	1
105532	1
105927	1
101991	1
104798	1
101411	3
104883	3
107329	1
108579	3
106388	2
102803	3
100116	1
108241	3
103342	3
102177	2
104843	2
107273	3
106379	2
101749	2
109235	1
103032	1
101009	1
107351	1
107512	3
107447	3
100946	1
102804	3
104830	2
109718	1
102890	1
100731	3
101401	2
107700	1
100081	3
106117	2
100316	1
108224	3
108057	2
107086	3
108806	1
107571	3
109476	2
104151	2
102881	1
106942	3
109538	1
106883	2
100998	2
106720	1
107424	3
109082	2
108239	2
109974	3
108602	3
108072	3
107478	2
107084	2
105061	1
106133	1
100769	1
109843	2
105509	1
104408	2
107905	1
104638	3
104275	1
109507	1
105346	1
108786	3
101103	3
106121	2
102541	3
109886	2
103445	1
101001	2
105826	1
109325	1
106999	1
106718	3
109651	1
106128	3
100452	3
108116	1
107772	1
108638	1
108481	2
104591	2
103637	1
104492	2
106793	1
100279	3
103866	1
109257	3
101132	1
103962	2
105336	3
100159	3
105356	3
100791	1
109901	1
106225	2
108542	3
107394	3
108248	1
108220	1
109074	3
107666	3
109128	3
101877	1
102074	2
104370	3
104029	1
102347	2
107824	1
103909	3
107033	3
101241	3
101779	2
108678	3
104874	2
100874	1
106084	1
102589	1
102773	2
101456	3
103209	2
109264	1
100797	3
101820	1
103674	2
102065	2
107453	2
105463	1
101207	3
108010	3
108684	1
105972	1
104640	1
104628	1
105427	1
107142	3
102323	3
105997	1
104981	2
101992	2
103707	3
109498	1
107017	2
104087	1
108807	2
103716	1
102232	1
107263	3
109890	1
101681	1
109576	2
100361	2
102042	2
104301	2
103432	3
100098	1
107455	1
107381	3
108359	2
101971	1
105389	1
102126	2
102900	3
106805	1
104934	3
101887	1
109804	1
107052	3
100038	1
101919	1
104983	3
107744	2
101291	3
108245	2
103440	1
100117	2
103346	2
105319	1
107715	1
105908	3
103266	1
101798	3
109250	2
109768	3
101345	3
102692	1
107704	2
102008	1
108364	1
103147	3
109105	2
104599	2
105024	2
106325	3
104324	3
102971	3
101613	3
101651	2
100565	1
106144	1
101185	3
101924	3
103461	1
101835	3
100909	3
103839	3
108258	1
107416	3
101387	3
109190	1
100633	1
103046	3
101342	1
104616	2
104198	1
104401	1
109036	1
100760	2
105054	1
101161	1
108503	1
102749	1
104555	3
101799	1
106429	1
106120	1
105185	1
106850	1
105284	1
105930	3
103918	2
103699	2
103310	2
106080	1
101554	3
105625	1
106282	1
109184	1
105529	2
103201	2
105709	1
104009	3
108135	2
107773	3
109998	3
106062	1
101222	2
107749	1
104410	3
105512	1
108804	3
100033	1
108733	1
107950	1
100689	2
100714	3
108704	1
106987	3
105351	1
100751	3
106002	3
104841	1
103690	2
106831	3
106632	2
104989	3
108110	1
109515	1
102980	2
106496	1
107390	3
101562	1
100036	3
106027	2
106740	3
109004	2
100369	2
107946	2
101487	2
106445	3
102426	1
106941	1
101049	1
102243	3
105859	3
102010	3
104139	1
106181	3
103895	2
102415	2
107716	1
107624	3
100105	3
103418	1
107886	3
106140	2
109179	1
104925	3
107200	2
109558	1
102656	2
105403	1
106182	1
101810	1
105359	1
108013	2
106358	1
104107	1
100426	2
101552	1
100288	1
107214	3
103822	3
103695	1
106145	1
100720	2
105537	3
102529	1
109340	2
102186	1
103671	2
106880	3
102809	2
106504	2
109670	2
104737	3
100827	1
100650	1
102736	2
104115	3
100798	3
102048	3
103763	3
106135	3
101781	3
103619	2
102853	1
100066	2
108060	1
102199	1
107686	2
101483	1
108038	3
102751	3
103204	1
101025	1
101239	1
107404	1
103447	1
102285	1
105561	3
102120	1
105246	2
101645	1
109450	3
108287	3
102517	3
100648	2
107213	1
104287	1
104647	1
107099	3
105924	2
108352	3
109353	1
106444	1
107527	3
108181	3
101365	3
108208	3
102322	3
108859	1
100961	2
109288	3
107879	1
101928	1
103588	2
102929	1
101884	2
100145	2
103295	1
102452	3
102192	2
107418	3
102855	2
105858	2
108655	1
107770	2
108667	1
100556	2
104811	2
109525	3
107036	1
107566	2
100709	2
105607	1
104629	1
104045	1
102637	2
105470	3
104381	1
109987	3
100010	1
100245	2
107633	2
108935	1
102011	3
104333	3
108689	2
100691	3
104337	1
107681	3
109064	3
102162	1
105453	2
101662	2
102129	3
102950	2
102832	2
107341	1
102969	2
104088	1
105971	1
105775	1
102061	2
104731	3
108925	1
101091	3
106227	1
107319	1
104336	3
103501	1
100975	3
109552	3
109118	1
103282	2
107106	1
101704	3
108588	3
100014	2
109326	2
108936	2
100448	3
104575	2
102136	1
105370	1
101658	3
103694	3
105153	1
107516	3
109966	1
109332	1
101816	2
108069	2
105488	1
102084	3
100544	1
100588	3
107058	1
109524	2
105302	2
109372	2
105386	2
107838	1
109944	1
105458	1
104303	1
104815	1
104527	2
103395	2
101942	2
109164	2
107945	1
109925	1
104963	2
104405	2
104597	1
103235	1
107321	3
102054	2
106566	1
108005	1
102497	2
104986	1
104419	2
107268	3
101571	1
102104	2
100358	1
107938	1
105170	3
102238	2
109781	2
108068	3
107931	1
109732	2
107887	1
103656	1
104083	1
100301	1
103023	1
103591	1
105541	1
102108	2
109831	2
105589	1
108848	1
104197	3
106044	3
109177	1
108044	1
107039	2
105147	3
104294	1
102279	1
101874	3
106620	1
109914	2
108191	1
107163	1
107791	1
103558	2
102574	3
107293	3
100422	1
105502	3
102235	2
102872	2
103779	3
107856	3
109756	1
101845	1
102636	3
106417	3
109152	1
109390	2
107590	2
105680	3
105467	1
102622	1
100322	2
105314	2
105515	1
104753	2
105744	3
100952	3
104021	2
109691	2
100545	1
109873	1
105206	3
101557	2
107789	1
108868	3
108947	2
108149	3
103943	3
103290	2
109607	2
107472	2
100276	1
109516	3
101812	1
106156	2
104262	1
105572	2
102181	1
101711	3
108066	3
102794	3
104632	1
103766	2
103929	3
105917	1
109195	1
101004	1
106007	2
102214	1
102389	1
102278	3
106294	2
107756	2
100129	1
102349	2
104662	3
108866	2
107827	3
108140	1
106332	1
100119	2
109067	3
109471	2
108446	3
104003	3
109616	3
103378	2
100775	2
106993	3
105442	3
107956	1
101178	3
101259	1
106204	2
103970	2
108587	1
102425	2
108886	3
101220	2
107748	3
109853	1
107244	2
106819	3
108242	3
109510	2
105615	3
109717	1
106652	3
102438	2
108064	3
109614	1
109882	2
103916	1
107349	3
105077	2
106532	2
105194	3
103117	2
102628	3
101732	1
104132	1
107397	3
108650	1
101035	2
109432	2
101015	3
103853	2
102242	3
101038	1
109478	3
108570	3
101944	1
108517	2
108206	3
100989	1
102959	3
106677	2
106686	2
100020	2
108715	1
100973	1
100742	1
109012	3
102737	3
109693	2
101341	3
107179	2
108673	1
108024	3
106877	2
104157	1
102695	2
104494	2
101907	2
104062	1
100394	1
106160	2
101547	2
105373	2
101125	1
106477	1
106069	1
101792	2
104517	2
107514	1
108805	2
101272	1
109330	2
106489	3
103653	1
106471	3
103214	3
101508	1
109892	3
102613	2
100611	3
106511	2
100705	1
102919	2
105979	2
108400	1
108559	1
102268	2
107130	1
104272	1
108413	2
108514	1
101068	1
102863	3
100562	1
109912	2
106852	1
108778	2
103692	2
103226	2
109065	3
108901	2
108162	3
107118	3
102952	2
107473	3
109938	1
107576	3
108401	2
100226	3
107568	1
105237	1
109536	3
107048	1
101322	3
107111	2
107312	1
108910	3
108141	2
104895	1
109220	3
105848	2
102859	2
105396	2
102878	1
105570	2
102755	2
103525	1
107977	1
105265	2
107972	3
102458	1
109275	3
108640	1
105622	3
108964	1
101728	3
105549	3
100484	3
107648	1
106794	3
100510	2
102413	2
106830	1
109003	3
101882	1
104996	3
104896	3
104855	3
107593	1
107877	3
107356	3
109766	2
104793	2
101843	2
100822	2
109650	1
100363	3
106399	2
100130	3
108441	3
102829	2
101791	3
105645	1
108938	2
101848	1
102734	2
105630	3
100079	3
102531	2
102403	2
104208	1
105250	2
102132	3
105435	3
103059	2
104767	2
106142	3
100830	2
106350	2
109338	3
107342	2
106013	3
105345	3
107325	2
109863	2
107475	1
101023	3
102684	3
105141	1
104398	3
105957	1
105967	1
102713	1
101086	1
105461	3
101880	3
109657	1
107815	1
106990	2
104329	3
101523	1
102812	3
102865	2
104176	2
105428	2
103427	3
102352	3
103851	3
108341	2
106219	2
100495	1
106747	2
106878	1
107323	1
100632	1
104153	1
106046	1
103425	1
106047	3
100863	3
109127	3
102182	2
105186	2
109063	1
103145	2
101376	3
109186	1
108911	3
101308	1
105891	3
103454	1
108983	2
106237	2
109018	1
106910	3
107669	3
108722	2
100295	2
105457	1
106520	1
105702	1
100388	2
106063	3
101261	3
102521	3
101616	1
103478	2
109888	3
101878	2
109468	1
106619	3
107164	1
107304	1
107777	1
103066	1
104997	3
106506	2
103799	1
100335	2
107136	2
103038	3
108894	1
100651	2
104339	1
109238	1
107141	2
104295	3
106349	2
101081	1
101134	3
108751	2
101940	1
100466	3
106008	3
106499	1
105491	1
103352	2
108348	3
100275	1
105087	3
108717	2
108831	2
106094	2
103649	3
102443	3
100658	2
107434	2
100447	1
104813	1
100719	3
108696	2
107897	1
101879	2
102198	3
105535	2
108159	2
102334	3
101380	3
103596	3
103063	1
102816	2
103633	1
100688	1
100620	1
103670	2
102575	3
104476	1
100602	2
107511	3
105722	1
107055	3
105712	2
104371	3
107360	1
107910	1
105675	3
107556	3
107997	2
106301	2
107207	3
109248	3
100776	3
106584	1
104833	1
105271	1
104299	2
105870	3
104508	3
109859	1
106554	2
105893	2
105585	3
102520	2
104700	2
109029	2
102565	1
107134	2
109376	2
101634	1
105276	2
105018	2
109131	3
100734	1
102360	1
105199	1
107798	1
106157	1
102469	3
100976	2
103234	1
100767	2
101801	2
107311	2
103797	2
103910	1
101531	2
107274	1
104614	3
100377	2
100554	3
108861	1
107688	1
109052	1
101855	3
108776	3
106488	1
109865	1
108305	1
108297	3
105422	2
106105	1
109116	1
105817	3
103367	3
109197	2
103368	3
101042	3
109752	1
106788	3
107495	3
102380	3
109820	2
102441	2
106512	2
101249	1
101935	1
105682	2
105669	1
105807	1
103348	3
101002	2
105653	3
105309	1
108326	1
102277	3
101510	1
107328	2
107890	3
108310	2
108482	1
100601	1
102668	3
107315	3
105825	1
100693	1
104851	2
107692	2
106314	2
104898	1
106953	2
103362	2
107711	1
108491	3
100553	3
107560	1
106222	1
100766	3
105067	1
105857	2
103190	3
108814	1
107501	1
103572	3
106362	1
103344	3
105600	1
100381	3
107874	1
108272	3
105516	2
105670	2
107513	1
106514	3
109345	3
103761	1
102638	1
105085	2
104238	1
100896	1
106407	2
104840	1
103281	1
106185	1
106448	1
105081	1
107010	2
106761	3
108369	3
101904	1
103366	2
109161	3
102763	2
107579	2
107820	2
109581	1
100399	2
109379	1
102657	2
109453	1
101135	3
105756	1
102598	3
106796	1
104760	2
104470	1
100840	1
101054	1
108029	1
103070	3
101188	3
104979	1
108169	2
109699	2
102338	3
103263	2
109006	1
103320	2
108829	3
106175	1
105477	1
102237	1
100089	3
102655	3
101941	3
103100	1
107589	1
109817	1
100743	1
109383	2
103932	3
104699	2
108240	3
103936	1
101532	1
104736	2
106612	1
108534	1
109556	3
107606	1
105289	1
103393	2
100111	3
101867	2
102653	1
108063	1
108660	1
105046	1
104251	1
106971	1
104043	3
101364	1
103531	2
105492	1
100254	2
102455	3
100168	2
102970	3
104359	3
106208	2
104654	1
102774	2
100843	1
102421	1
108846	3
101355	1
102265	1
102511	1
101377	2
106939	1
105161	2
105936	1
100120	1
105238	2
100833	3
101299	1
103802	1
109821	2
102194	3
104652	1
102059	1
107425	3
102834	1
105155	1
100048	3
100561	2
105563	1
102928	2
104234	2
100497	1
102027	3
102612	1
104695	3
102169	3
109696	2
101984	1
104588	2
103768	2
105638	2
104676	2
104560	1
106252	1
108975	1
104576	1
105913	3
105932	2
101660	1
108839	2
102115	3
108391	2
105909	2
100112	1
104572	3
107785	2
101555	1
104870	1
100205	2
107015	3
104771	3
102701	1
109300	1
102041	1
106746	3
105656	2
101521	1
105962	1
109931	3
107320	2
101336	3
101750	3
103457	3
106966	1
107896	3
100954	1
101449	2
100540	2
107059	3
102354	3
103598	1
104438	1
107154	3
109780	2
100815	2
104552	3
105229	2
104720	2
101461	1
105128	3
100507	2
106386	1
106648	3
106343	3
104059	1
102330	1
104117	3
106433	2
100067	1
104622	1
103293	1
101388	3
104808	1
101107	1
109447	2
105784	2
100844	1
102086	2
107410	1
103551	3
100547	2
109744	2
106339	3
102369	2
104692	1
109271	2
102920	3
103540	1
104863	1
102088	1
107298	2
108266	1
107885	1
107652	3
103858	3
102009	1
105287	1
102276	1
106669	1
104149	3
108426	1
103777	3
107186	2
108920	2
106727	1
109309	1
100195	2
108671	3
101747	2
102609	1
101217	1
103062	1
107953	3
101108	1
108736	1
102585	1
104649	3
106958	3
101280	1
104992	2
105497	1
107145	2
106104	3
102502	2
103930	1
101574	3
109104	1
103508	1
109401	1
104242	3
104694	1
107668	1
100054	1
100723	2
102477	3
102927	1
106551	2
101133	2
106238	3
109221	1
106771	1
107301	2
106631	3
105398	2
108644	2
100445	1
108750	3
106918	1
105223	1
104656	3
107373	3
108420	3
104461	2
106678	3
108489	1
104568	2
109937	1
103529	2
106690	1
102907	2
106201	1
103193	1
108823	3
100983	3
102591	1
100804	3
109532	1
102588	1
108509	2
107911	2
104876	2
103131	1
101788	1
103049	2
102640	1
102102	3
108725	3
100270	1
103957	1
102313	2
109278	1
109181	3
103409	1
105665	2
105132	1
102839	1
104280	2
102069	2
106657	3
105375	1
101489	1
106316	1
108468	2
105598	3
108611	1
103171	3
106591	3
103885	1
106558	3
104125	3
109557	3
102868	1
101748	3
107412	1
101565	1
100135	3
109354	2
108178	2
102642	3
103363	3
105387	3
103547	1
106795	2
108950	1
104592	2
108757	1
101663	2
106308	3
104721	3
104434	1
104150	2
106623	1
103024	2
103034	3
103510	2
104247	1
100898	1
106161	2
103840	1
107369	3
106125	3
101726	1
109467	1
102680	2
101340	1
101566	2
103039	1
102831	3
108396	3
109346	2
106641	2
106070	3
105991	1
107572	2
107450	2
104210	2
103328	2
102442	2
109389	3
109819	1
106171	2
106861	3
106101	1
102052	2
103467	2
107375	2
102614	3
101854	1
107689	3
100215	3
101481	1
109362	1
106833	3
105839	3
107609	1
102033	3
104257	3
108085	3
103976	3
101932	3
107771	2
103744	2
100727	1
106872	1
105959	1
105142	2
108819	3
101432	3
103556	2
102681	3
103571	2
109517	2
105976	1
102234	2
108767	2
104183	3
101972	3
104422	2
107533	1
109600	1
101197	1
108621	3
103434	1
109499	1
103505	1
103056	3
107378	2
100908	3
101649	3
109772	3
108548	1
102559	2
100564	2
101775	1
101111	2
101315	2
107600	1
105432	3
101853	2
102274	1
101495	2
103889	2
104106	1
105871	2
107958	3
100016	1
107417	2
105110	3
105833	2
104163	1
103250	2
100436	3
105335	1
106879	1
104182	2
108700	2
102292	2
101636	3
108908	3
104355	1
102849	1
100240	3
104429	2
105508	2
106979	1
108504	2
103184	3
105388	3
100904	1
105586	3
108651	2
108304	2
100673	3
102941	2
103268	3
109229	3
100068	2
103515	2
104669	3
109664	1
108317	1
106550	3
101301	1
108726	1
105768	1
106890	2
109253	2
106978	1
101705	2
100465	1
104052	3
107460	1
106824	2
104769	2
103748	3
100166	2
103172	1
105279	2
102646	3
106569	2
105934	1
107676	3
102560	3
103639	3
104179	3
103162	1
105496	3
108077	1
109239	2
103522	1
102053	1
105626	3
108264	3
107646	2
100910	2
105203	3
102143	1
107110	1
101124	2
108590	3
108674	3
104095	2
108654	1
107532	3
103370	3
101807	3
102445	2
107161	1
106211	1
108505	2
107760	1
108416	3
109973	3
101618	3
100924	2
102990	1
106467	1
109934	2
102366	3
106603	1
108440	1
103450	2
101312	3
108294	2
100914	1
100803	1
107614	2
100485	1
101617	1
101263	2
102946	1
102372	1
107651	1
107393	2
107933	2
101896	3
106192	3
102395	2
109798	3
101323	2
107399	2
108569	3
102499	2
106163	1
103125	1
106982	2
102986	1
109058	3
109830	2
108433	3
101827	2
108395	1
108058	3
103855	2
102697	2
104577	1
105540	3
105357	1
104277	2
106959	1
103565	2
107144	3
109035	1
105437	2
108836	2
108456	2
105773	2
102799	1
105963	1
103122	2
101687	1
103630	1
107065	3
104529	3
107355	1
100450	1
109961	1
102254	3
102601	1
101136	3
101690	3
101096	2
104651	3
105274	2
106244	2
109270	3
106270	1
106487	1
101673	3
102034	3
109628	3
105602	1
100349	1
100927	1
101046	3
107190	2
102562	3
105013	1
106906	1
104909	1
107985	1
106543	1
